0.0,0.0,0.0,0.0,0.0,0.0,0.0,0.0,0.0,0.0,0.0,0.0,0.0,0.0,0.0,0.0,0.0,0.0,0.0,0.0,0.0,0.0,0.0,0.0,0.0,0.0,0.0,0.0,0.0,0.0,0.0,0.0,0.0,0.0,0.0,0.0,0.0,0.0,0.0,0.0,0.0,0.0,0.0,0.0,0.0,0.0,0.0,0.0,0.0,0.0,0.0,0.0,0.0,0.0,0.0,0.0,0.0,0.0,0.0,0.0,0.0,0.0,0.0,0.0,0.0,0.0
0.0,0.0,0.0,0.0,0.0,0.0,0.0,0.0,0.0,0.0,0.0,0.0,0.0,0.0,0.0,0.0,0.0,0.0,0.0,0.0,0.0,0.0,0.0,0.0,0.0,0.0,0.0,0.0,0.0,0.0,0.0,0.0,0.0,0.0,0.0,0.0,0.0,0.0,0.0,0.0,0.0,0.0,0.0,0.0,0.0,23.166666666666664,21.75,0.0,0.0,0.0,0.0,0.0,0.0,0.0,0.0,0.0,0.0,0.0,0.0,0.0,0.0,0.0,0.0,0.0,0.0,0.0
0.0,0.0,0.0,0.0,0.0,0.0,0.0,0.0,0.0,0.0,0.0,0.0,0.0,0.0,0.0,0.0,0.0,0.0,0.0,0.0,0.0,0.0,0.0,0.0,0.0,0.0,0.0,0.0,0.0,0.0,0.0,0.0,0.0,0.0,0.0,0.0,0.0,0.0,0.0,0.0,0.0,8.625,24.5,22.75,25.2,23.875,22.833333333333336,22.25,0.0,0.0,0.0,0.0,0.0,0.0,0.0,0.0,0.0,0.0,0.0,0.0,0.0,0.0,0.0,0.0,0.0,0.0
0.0,0.0,0.0,0.0,0.0,0.0,0.0,0.0,0.0,0.0,0.0,0.0,0.0,0.0,0.0,0.0,0.0,0.0,0.0,0.0,0.0,0.0,0.0,0.0,0.0,0.0,0.0,0.0,0.0,0.0,0.0,0.0,0.0,0.0,0.0,0.0,0.0,0.0,0.0,0.0,9.125,7.875,19.625,16.833333333333336,22.625,23.5,21.666666666666664,23.166666666666668,24.166666666666668,0.0,0.0,0.0,0.0,0.0,0.0,0.0,0.0,0.0,0.0,0.0,0.0,0.0,0.0,0.0,0.0,0.0
0.0,0.0,0.0,0.0,0.0,0.0,0.0,0.0,0.0,0.0,0.0,0.0,0.0,0.0,0.0,0.0,0.0,0.0,0.0,0.0,0.0,0.0,0.0,0.0,0.0,0.0,0.0,0.0,0.0,0.0,0.0,0.0,0.0,0.0,0.0,0.0,0.0,0.0,0.0,0.0,5.75,24.4,19.375,19.5,22.5,23.125,21.333333333333336,22.166666666666664,7.166666666666667,-1.75,14.0,0.0,0.0,0.0,0.0,0.0,0.0,0.0,0.0,0.0,0.0,0.0,0.0,0.0,0.0,0.0
0.0,0.0,0.0,0.0,0.0,0.0,0.0,0.0,0.0,0.0,0.0,0.0,0.0,0.0,0.0,0.0,0.0,0.0,0.0,0.0,0.0,0.0,0.0,0.0,0.0,0.0,0.0,0.0,0.0,0.0,0.0,0.0,0.0,0.0,0.0,0.0,0.0,0.0,0.0,-9.5,22.25,26.1,23.125,2.333333333333334,19.75,24.4,5.416666666666666,18.666666666666664,20.0,10.0,14.0,13.0,0.0,0.0,0.0,0.0,0.0,0.0,0.0,0.0,0.0,0.0,0.0,0.0,0.0,0.0
0.0,0.0,0.0,0.0,0.0,0.0,0.0,0.0,0.0,0.0,0.0,0.0,0.0,0.0,0.0,0.0,0.0,0.0,0.0,0.0,0.0,0.0,0.0,0.0,0.0,0.0,0.0,0.0,0.0,0.0,0.0,0.0,0.0,0.0,0.0,0.0,0.0,0.0,0.0,27.0,26.666666666666668,19.5,23.166666666666668,23.625,18.166666666666664,18.833333333333336,18.666666666666664,19.0,19.166666666666668,16.5,10.0,12.5,0.0,0.0,0.0,0.0,0.0,0.0,0.0,0.0,0.0,0.0,0.0,0.0,0.0,0.0
0.0,0.0,0.0,0.0,0.0,0.0,0.0,0.0,0.0,0.0,0.0,0.0,0.0,0.0,0.0,0.0,0.0,0.0,0.0,0.0,0.0,0.0,0.0,0.0,0.0,0.0,0.0,0.0,0.0,0.0,0.0,0.0,0.0,0.0,0.0,0.0,0.0,0.0,0.0,27.25,25.75,26.666666666666668,20.5,20.5,21.833333333333336,19.833333333333332,19.0,19.0,19.166666666666668,19.833333333333332,9.5,17.75,0.0,0.0,0.0,0.0,0.0,0.0,0.0,0.0,0.0,0.0,0.0,0.0,0.0,0.0
0.0,0.0,0.0,0.0,0.0,0.0,0.0,0.0,0.0,0.0,0.0,0.0,0.0,0.0,0.0,0.0,0.0,0.0,0.0,0.0,-0.04166666666666696,4.0,0.0,0.0,0.0,0.0,0.0,0.0,0.0,0.0,0.0,0.0,0.0,0.0,0.0,0.0,0.0,0.0,27.25,27.0,27.25,27.25,6.5,22.0,24.666666666666668,21.333333333333332,20.166666666666668,19.333333333333332,20.166666666666668,20.333333333333332,19.333333333333332,17.75,0.0,0.0,0.0,0.0,0.0,0.0,0.0,0.0,0.0,0.0,0.0,0.0,0.0,0.0
0.0,0.0,0.0,0.0,0.0,0.0,0.0,0.0,0.0,0.0,0.0,0.0,0.0,0.0,0.0,0.0,0.0,0.0,0.0,4.75,7.666666666666667,4.833333333333334,0.0,0.0,0.0,0.0,0.0,0.0,0.0,0.0,0.0,0.0,0.0,0.0,0.0,0.0,0.0,0.0,28.0,27.0,26.5,27.25,27.25,25.0,24.5,21.0,19.0,20.666666666666668,20.0,19.666666666666668,20.333333333333332,0.0,0.0,0.0,0.0,0.0,0.0,0.0,0.0,0.0,0.0,0.0,0.0,0.0,0.0,0.0
0.0,0.0,0.0,0.0,0.0,0.0,0.0,0.0,0.0,0.0,0.0,0.0,0.0,0.0,0.0,0.0,0.0,0.0,6.25,0.0,19.25,20.25,13.5,0.0,0.0,0.0,0.0,0.0,0.0,0.0,0.0,0.0,0.0,0.0,0.0,0.0,0.0,0.0,28.0,28.0,28.25,28.25,27.5,28.0,25.5,21.5,21.0,22.666666666666668,22.166666666666668,21.75,21.875,0.0,0.0,0.0,0.0,0.0,0.0,0.0,0.0,0.0,0.0,0.0,0.0,0.0,0.0,0.0
0.0,0.0,0.0,0.0,0.0,0.0,0.0,0.0,0.0,0.0,0.0,0.0,0.0,0.0,0.0,0.0,0.0,0.0,9.625,18.75,21.333333333333332,17.666666666666664,18.333333333333336,0.0,0.0,0.0,0.0,0.0,0.0,0.0,0.0,0.0,0.0,0.0,0.0,0.0,0.0,0.0,28.75,28.5,28.5,29.0,29.5,28.0,24.75,21.5,24.875,23.75,24.0,19.833333333333332,23.0,0.0,0.0,0.0,0.0,0.0,0.0,0.0,0.0,0.0,0.0,0.0,0.0,0.0,0.0,0.0
0.0,0.0,0.0,0.0,0.0,0.0,0.0,0.0,0.0,0.0,0.0,0.0,0.0,0.0,0.0,0.0,0.0,0.0,20.75,21.333333333333332,17.0,-1.0,12.75,18.5,0.0,0.0,0.0,0.0,0.0,0.0,0.0,0.0,0.0,0.0,0.0,0.0,0.0,0.0,28.75,28.75,29.25,29.5,22.5,10.25,8.5,25.5,24.5,24.7,22.166666666666668,19.5,19.5,0.0,0.0,0.0,0.0,0.0,0.0,0.0,0.0,0.0,0.0,0.0,0.0,0.0,0.0,0.0
0.0,0.0,0.0,0.0,0.0,0.0,0.0,0.0,0.0,0.0,0.0,0.0,0.0,0.0,0.0,0.0,0.0,0.0,0.0,0.0,2.75,-0.25,0.5,5.333333333333334,0.0,0.0,0.0,0.0,0.0,0.0,0.0,0.0,0.0,0.0,0.0,0.0,0.0,0.0,28.75,29.25,29.5,22.5,23.0,10.5,27.166666666666668,25.5,23.5,19.5,19.5,0.0,0.0,0.0,0.0,0.0,0.0,0.0,0.0,0.0,0.0,0.0,0.0,0.0,0.0,0.0,0.0,0.0
0.0,0.0,0.0,0.0,0.0,0.0,0.0,0.0,0.0,0.0,0.0,0.0,0.0,0.0,0.0,0.0,0.0,0.0,0.0,0.0,3.0,1.25,1.25,6.75,5.583333333333334,0.0,0.0,0.0,0.0,0.0,20.0,0.0,0.0,0.0,0.0,0.0,30.166666666666668,28.75,28.75,29.0,29.5,30.0,30.0,8.75,24.5,24.125,20.0,20.166666666666664,18.5,17.666666666666664,0.0,0.0,0.0,0.0,0.0,0.0,0.0,0.0,0.0,0.0,0.0,0.0,0.0,0.0,0.0,0.0
0.0,0.0,0.0,0.0,0.0,0.0,0.0,0.0,0.0,0.0,0.0,0.0,0.0,0.0,0.0,0.0,0.0,0.0,0.0,0.0,0.0,-4.0,-4.0,1.5,1.8333333333333321,1.25,0.0,0.0,0.0,0.0,14.75,16.0,0.0,0.0,0.0,29.125,33.2,28.5,28.5,29.0,29.25,10.0,24.5,24.666666666666668,21.666666666666664,14.75,14.5,11.5,17.0,11.25,0.0,0.0,0.0,0.0,0.0,0.0,0.0,0.0,0.0,0.0,0.0,0.0,0.0,0.0,0.0,0.0
0.0,0.0,0.0,0.0,0.0,0.0,0.0,0.0,0.0,0.0,0.0,0.0,0.0,0.0,0.0,0.0,0.0,0.0,0.0,0.0,0.0,0.0,-3.833333333333334,2.166666666666666,2.333333333333334,-3.916666666666666,-4.416666666666666,0.25,21.0,13.75,20.0,15.5,23.875,24.333333333333336,0.0,29.25,31.0,31.166666666666668,28.25,9.25,7.75,27.0,25.166666666666668,24.25,19.333333333333336,14.25,12.25,11.25,11.0,11.5,0.0,0.0,0.0,0.0,0.0,0.0,0.0,0.0,0.0,0.0,0.0,0.0,0.0,0.0,0.0,0.0
0.0,0.0,0.0,0.0,0.0,0.0,0.0,0.0,0.0,0.0,0.0,0.0,0.0,0.0,0.0,0.0,0.0,0.0,0.0,0.0,0.0,0.0,0.0,-5.0,-0.16666666666666607,-3.75,-4.083333333333334,17.0,14.75,12.25,20.333333333333336,15.0,0.0,24.5,26.333333333333336,27.5,30.625,32.75,12.083333333333332,27.0,27.0,9.583333333333332,22.5,24.7,21.8,11.5,11.25,-4.5,-4.5,0.0,0.0,0.0,0.0,0.0,0.0,0.0,0.0,0.0,0.0,0.0,0.0,0.0,0.0,0.0,0.0,0.0
0.0,0.0,0.0,0.0,0.0,0.0,0.0,0.0,0.0,0.0,0.0,0.0,0.0,0.0,0.0,0.0,0.0,0.0,0.0,0.0,0.0,0.0,0.0,0.0,0.0,3.166666666666666,-0.75,-1.0,22.375,12.5,-2.0,-1.5,18.5,25.833333333333336,23.0,24.25,28.166666666666668,29.25,10.5,27.0,10.833333333333332,26.166666666666668,20.833333333333332,21.625,17.5,17.5,19.375,11.75,-3.5,0.0,0.0,0.0,0.0,0.0,0.0,0.0,0.0,0.0,0.0,0.0,0.0,0.0,0.0,0.0,0.0,0.0
0.0,0.0,0.0,0.0,0.0,0.0,0.0,0.0,0.0,0.0,0.0,0.0,0.0,0.0,0.0,0.0,0.0,0.0,0.0,0.0,0.0,0.0,0.0,0.0,0.0,0.0,-3.75,1.0,-19.5,11.5,16.0,0.5,20.5,22.25,12.0,12.0,4.75,6.0,19.333333333333332,25.5,11.583333333333332,25.0,21.666666666666668,4.0,19.166666666666664,17.666666666666664,12.75,17.166666666666664,11.75,11.75,0.0,0.0,0.0,0.0,0.0,0.0,0.0,0.0,0.0,0.0,0.0,0.0,0.0,0.0,0.0,0.0
0.0,0.0,0.0,0.0,0.0,0.0,0.0,0.0,0.0,0.0,0.0,0.0,0.0,0.0,0.0,0.0,0.0,0.0,0.0,0.0,0.0,0.0,0.0,0.0,0.0,0.0,0.0,0.0,-17.25,-1.0,-0.5,23.5,20.5,23.0,12.0,8.5,16.75,5.416666666666667,17.833333333333332,18.166666666666668,5.75,22.666666666666668,18.0,3.0,0.0,-2.0,-1.0,12.75,12.25,12.5,0.0,0.0,0.0,0.0,0.0,0.0,0.0,0.0,0.0,0.0,0.0,0.0,0.0,0.0,0.0,0.0
0.0,0.0,0.0,0.0,0.0,0.0,0.0,0.0,0.0,0.0,0.0,0.0,0.0,0.0,0.0,0.0,0.0,0.0,0.0,0.0,0.0,0.0,0.0,0.0,0.0,0.0,0.0,-7.166666666666666,-17.75,-22.833333333333336,-25.625,-21.333333333333336,3.25,23.0,12.5,6.0,1.75,17.166666666666668,17.333333333333332,16.0,15.333333333333332,11.75,2.5,2.5,2.0,-2.0,-3.0,-3.0,-4.0,-5.0,0.0,0.0,0.0,0.0,0.0,0.0,0.0,0.0,0.0,0.0,0.0,0.0,0.0,0.0,0.0,0.0
0.0,0.0,0.0,0.0,0.0,0.0,0.0,0.0,0.0,0.0,0.0,0.0,0.0,0.0,0.0,0.0,0.0,0.0,0.0,0.0,0.0,0.0,0.0,0.0,0.0,0.0,0.0,0.0,-6.0,-19.25,-19.75,-22.833333333333336,-13.75,-2.583333333333334,-4.875,-14.333333333333334,1.5,17.333333333333332,5.25,5.0,4.916666666666667,2.0,2.5,3.0,3.0,2.0,0.0,-3.0,-3.0,-3.0,-3.5,-5.5,0.0,0.0,0.0,0.0,0.0,0.0,0.0,0.0,0.0,0.0,0.0,0.0,0.0,0.0
0.0,0.0,0.0,0.0,0.0,0.0,0.0,0.0,0.0,0.0,0.0,0.0,0.0,0.0,0.0,0.0,0.0,0.0,0.0,0.0,0.0,0.0,0.0,0.0,0.0,0.0,0.0,0.0,0.0,-5.5,-6.0,-10.5,-17.25,-2.5,-5.0,4.0,11.75,4.166666666666667,4.75,15.5,14.833333333333332,1.5,1.5,3.0,3.0,2.5,2.0,1.0,-0.5,-1.5,-3.5,-4.0,-5.5,0.0,0.0,0.0,0.0,0.0,0.0,0.0,0.0,0.0,0.0,0.0,0.0,0.0
0.0,0.0,0.0,0.0,0.0,0.0,0.0,0.0,0.0,0.0,0.0,0.0,0.0,0.0,0.0,0.0,0.0,0.0,0.0,0.0,0.0,0.0,0.0,0.0,0.0,0.0,0.0,0.0,0.0,-6.0,-9.5,-11.0,-11.5,-7.5,14.75,13.166666666666668,13.833333333333332,10.75,11.0,14.666666666666668,14.5,2.0,2.5,2.5,2.5,-0.5,10.5,11.5,2.0,0.5,0.5,-1.5,-1.0,-4.0,0.0,0.0,0.0,0.0,0.0,0.0,0.0,0.0,0.0,0.0,0.0,0.0
0.0,0.0,0.0,0.0,0.0,0.0,0.0,0.0,0.0,0.0,0.0,0.0,0.0,0.0,0.0,0.0,0.0,0.0,0.0,0.0,0.0,0.0,0.0,0.0,0.0,0.0,0.0,0.0,-12.5,-12.5,-12.0,-11.5,-11.5,10.666666666666666,6.0,11.666666666666668,12.5,15.0,13.666666666666668,14.666666666666668,11.75,15.666666666666668,12.5,12.75,11.75,10.25,11.0,10.5,10.5,1.0,1.0,0.0,-0.5,8.0,0.0,0.0,0.0,0.0,0.0,0.0,0.0,0.0,0.0,0.0,0.0,0.0
0.0,0.0,0.0,0.0,0.0,0.0,0.0,0.0,0.0,0.0,0.0,0.0,0.0,0.0,0.0,0.0,0.0,0.0,0.0,0.0,0.0,0.0,0.0,0.0,0.0,0.0,0.0,0.0,-14.5,-13.0,-12.5,-12.5,-12.5,-13.0,5.75,11.333333333333332,12.333333333333332,14.5,13.333333333333332,14.0,16.0,16.5,17.166666666666668,16.5,16.0,16.25,15.875,15.625,15.625,15.5,9.5,0.0,-4.0,0.25,8.0,0.0,0.0,0.0,0.0,0.0,0.0,0.0,0.0,0.0,0.0,0.0
0.0,0.0,0.0,0.0,0.0,0.0,0.0,0.0,0.0,0.0,0.0,0.0,0.0,0.0,0.0,0.0,0.0,0.0,0.0,0.0,0.0,0.0,0.0,0.0,0.0,0.0,0.0,0.0,-15.0,-14.5,-14.0,-13.5,-13.5,-13.5,9.25,8.0,11.0,11.166666666666668,12.5,16.75,16.333333333333332,17.333333333333332,17.5,17.5,17.5,17.333333333333332,17.333333333333332,17.0,16.0,14.833333333333332,1.708333333333333,-3.5,-6.5,-4.5,7.5,4.75,0.0,0.0,0.0,0.0,0.0,0.0,0.0,0.0,0.0,0.0
0.0,0.0,0.0,0.0,0.0,0.0,0.0,0.0,0.0,0.0,0.0,0.0,0.0,0.0,0.0,0.0,0.0,0.0,0.0,0.0,0.0,0.0,0.0,0.0,0.0,0.0,0.0,0.0,-25.75,-17.5,-17.0,-16.5,-16.0,-14.0,1.75,8.166666666666668,11.5,12.375,12.0,12.25,17.25,18.0,17.666666666666668,17.833333333333332,18.0,17.833333333333332,18.0,17.75,17.5,15.333333333333334,13.666666666666668,1.25,-3.0,-3.5,4.75,-10.5,0.0,0.0,0.0,0.0,0.0,0.0,0.0,0.0,0.0,0.0
0.0,0.0,0.0,0.0,0.0,0.0,0.0,0.0,0.0,0.0,0.0,0.0,0.0,0.0,0.0,0.0,0.0,0.0,0.0,0.0,0.0,0.0,0.0,0.0,0.0,0.0,0.0,0.0,-27.833333333333332,-25.0,-18.0,-16.0,-13.5,-13.5,-5.5,8.5,12.5,12.5,13.666666666666666,13.666666666666666,13.875,17.0,18.5,18.375,18.0,18.25,18.625,14.833333333333334,17.166666666666668,14.833333333333334,11.5,10.5,6.75,6.0,3.25,0.0,0.0,0.0,0.0,0.0,0.0,0.0,0.0,0.0,0.0,0.0
0.0,0.0,0.0,0.0,0.0,0.0,0.0,0.0,0.0,0.0,0.0,0.0,0.0,0.0,0.0,0.0,0.0,0.0,0.0,0.0,0.0,0.0,0.0,0.0,0.0,0.0,0.0,0.0,0.0,-27.5,-24.0,-6.0,-9.5,-7.833333333333333,0.0,1.75,4.875,12.833333333333334,14.0,6.625,6.75,7.916666666666667,9.583333333333334,9.125,18.25,17.75,18.5,6.571428571428571,5.5,3.5833333333333335,1.25,8.5,10.0,6.5,9.0,0.0,0.0,0.0,0.0,0.0,0.0,0.0,0.0,0.0,0.0,0.0
0.0,0.0,0.0,0.0,0.0,0.0,0.0,0.0,0.0,0.0,0.0,0.0,0.0,0.0,0.0,0.0,0.0,0.0,0.0,0.0,0.0,0.0,0.0,0.0,0.0,0.0,0.0,0.0,0.0,-23.75,-3.0,6.0,-19.1,-1.0,1.25,1.375,3.666666666666667,3.75,6.5,6.625,6.333333333333334,7.583333333333334,9.75,9.5,9.083333333333334,8.916666666666666,5.666666666666666,12.125,6.5,5.333333333333333,1.0,1.0,0.75,-1.416666666666667,0.0,0.0,0.0,0.0,0.0,0.0,0.0,0.0,0.0,0.0,0.0,0.0
0.0,0.0,0.0,0.0,0.0,0.0,0.0,0.0,0.0,0.0,0.0,0.0,0.0,0.0,0.0,0.0,0.0,0.0,0.0,0.0,0.0,0.0,0.0,0.0,0.0,0.0,0.0,0.0,-23.875,-22.375,-4.416666666666666,-14.666666666666666,-13.375,0.5,2.7,2.0250000000000004,2.75,4.041666666666667,3.0,6.333333333333334,6.333333333333334,7.75,10.25,9.0,9.5,7.083333333333334,12.5,10.333333333333334,1.375,0.0,8.0,1.0,1.5,1.0,0.0,0.0,0.0,0.0,0.0,0.0,0.0,0.0,0.0,0.0,0.0,0.0
0.0,0.0,0.0,0.0,0.0,0.0,0.0,0.0,0.0,0.0,0.0,0.0,0.0,0.0,0.0,0.0,0.0,0.0,0.0,0.0,0.0,0.0,0.0,0.0,0.0,0.0,0.0,0.0,-21.625,-6.5,1.625,-12.25,1.75,4.666666666666667,3.675,2.75,2.3499999999999996,1.1333333333333333,2.666666666666666,5.833333333333334,3.0000000000000004,8.75,8.166666666666666,8.583333333333334,6.75,6.25,11.75,4.166666666666666,3.1666666666666665,0.75,1.0,1.25,1.5,0.0,0.0,0.0,0.0,0.0,0.0,0.0,0.0,0.0,0.0,0.0,0.0,0.0
0.0,0.0,0.0,0.0,0.0,0.0,0.0,0.0,0.0,0.0,0.0,0.0,0.0,0.0,0.0,0.0,0.0,0.0,0.0,0.0,0.0,0.0,0.0,0.0,0.0,0.0,0.0,0.0,0.0,-4.125,-9.5,-8.333333333333334,5.166666666666666,5.5,6.75,3.5,1.333333333333333,-1.2999999999999998,0.7999999999999998,1.6666666666666665,7.333333333333334,7.833333333333334,8.0,6.5,7.5,3.166666666666667,4.75,2.5,2.0,9.0,1.75,9.0,8.75,0.0,0.0,0.0,0.0,0.0,0.0,0.0,0.0,0.0,0.0,0.0,0.0,0.0
0.0,0.0,0.0,0.0,0.0,0.0,0.0,0.0,0.0,0.0,0.0,0.0,0.0,0.0,0.0,0.0,0.0,0.0,0.0,0.0,0.0,0.0,0.0,0.0,0.0,0.0,0.0,0.0,0.0,-1.75,3.166666666666666,7.0,8.833333333333334,35.0,10.333333333333334,2.166666666666667,-1.25,-0.75,-1.25,2.25,2.25,4.166666666666666,4.333333333333334,7.0,3.25,0.5,1.5,1.75,1.75,1.5,9.0,2.916666666666667,0.0,0.0,0.0,0.0,0.0,0.0,0.0,0.0,0.0,0.0,0.0,0.0,0.0,0.0
0.0,0.0,0.0,0.0,0.0,0.0,0.0,0.0,0.0,0.0,0.0,0.0,0.0,0.0,0.0,0.0,0.0,0.0,0.0,0.0,0.0,0.0,0.0,0.0,0.0,0.0,0.0,0.0,0.0,0.0,2.5,-1.2000000000000002,34.0,34.0,15.833333333333334,7.833333333333334,1.333333333333334,0.023809523809523725,-0.08333333333333304,-8.5,-8.75,2.0,2.4583333333333335,7.083333333333334,6.5,2.0,0.25,-0.75,2.0,2.25,-1.0,8.0,0.0,0.0,0.0,0.0,0.0,0.0,0.0,0.0,0.0,0.0,0.0,0.0,0.0,0.0
0.0,0.0,0.0,0.0,0.0,0.0,0.0,0.0,0.0,0.0,0.0,0.0,0.0,0.0,0.0,0.0,0.0,0.0,0.0,0.0,0.0,0.0,0.0,0.0,0.0,0.0,0.0,0.0,0.0,9.5,4.766666666666666,5.633333333333334,31.0,31.0,13.875,6.833333333333333,6.833333333333333,0.583333333333333,-2.916666666666667,-9.7,-8.625,-8.875,-0.375,2.0,-2.0,-1.166666666666667,1.0416666666666665,-0.33333333333333304,-1.3333333333333335,1.75,-0.75,-2.583333333333333,-1.833333333333333,0.0,0.0,0.0,0.0,0.0,0.0,0.0,0.0,0.0,0.0,0.0,0.0,0.0
0.0,0.0,0.0,0.0,0.0,0.0,0.0,0.0,0.0,0.0,0.0,0.0,0.0,0.0,0.0,0.0,0.0,0.0,0.0,0.0,0.0,0.0,0.0,0.0,0.0,0.0,0.0,0.0,0.0,12.85,6.583333333333334,24.0,11.0,27.166666666666668,5.333333333333333,0.916666666666667,1.25,0.7333333333333334,0.2999999999999998,-9.2,-9.6,-6.833333333333334,-9.0,-0.5,-0.833333333333333,-11.333333333333334,-4.0,-1.375,2.0,0.0,1.916666666666667,0.25,9.666666666666668,0.0,0.0,0.0,0.0,0.0,0.0,0.0,0.0,0.0,0.0,0.0,0.0,0.0
0.0,0.0,0.0,0.0,0.0,0.0,0.0,0.0,0.0,0.0,0.0,0.0,0.0,0.0,0.0,0.0,0.0,0.0,0.0,0.0,0.0,0.0,0.0,0.0,0.0,0.0,0.0,0.0,0.0,2.0,0.5,5.916666666666667,5.333333333333334,7.25,-1.333333333333334,2.833333333333333,2.125,-5.333333333333333,-12.875,-7.5,-9.5,-9.375,-10.4,-9.25,-16.5,-4.583333333333334,-3.0476190476190474,-2.75,-5.208333333333334,-0.3666666666666667,1.0333333333333332,1.833333333333333,9.666666666666668,8.25,0.0,0.0,0.0,0.0,0.0,0.0,0.0,0.0,0.0,0.0,0.0,0.0
0.0,0.0,0.0,0.0,0.0,0.0,0.0,0.0,0.0,0.0,0.0,0.0,0.0,0.0,0.0,0.0,0.0,0.0,0.0,0.0,0.0,0.0,0.0,0.0,0.0,0.0,0.0,0.0,-3.0,-3.425,-2.625,-3.208333333333334,4.416666666666666,-0.3333333333333339,-6.5,-4.75,-2.1333333333333337,-6.607142857142857,-5.666666666666667,-2.8,-1.5,-1.75,-9.875,-12.3,-2.666666666666667,-6.166666666666668,-10.5,-3.375,-11.05,-4.375,-3.916666666666667,-1.375,3.875,5.15,4.9,0.0,0.0,0.0,0.0,0.0,0.0,0.0,0.0,0.0,0.0,0.0
0.0,0.0,0.0,0.0,0.0,0.0,0.0,0.0,0.0,0.0,0.0,0.0,0.0,0.0,0.0,0.0,0.0,0.0,0.0,0.0,0.0,0.0,0.0,0.0,0.0,0.0,0.0,0.0,-0.17499999999999982,-2.625,-3.0833333333333335,-5.775,-8.083333333333332,-5.333333333333333,-7.4,-5.5,-5.375,0.125,-0.791666666666667,-1.583333333333333,-2.625,-3.75,-10.333333333333332,-13.125,-7.75,-9.0,-8.166666666666668,-9.75,-8.833333333333332,-5.0,-3.791666666666667,-2.708333333333333,3.333333333333333,6.5,4.75,0.0,0.0,0.0,0.0,0.0,0.0,0.0,0.0,0.0,0.0,0.0
0.0,0.0,0.0,0.0,0.0,0.0,0.0,0.0,0.0,0.0,0.0,0.0,0.0,0.0,0.0,0.0,0.0,0.0,0.0,0.0,0.0,0.0,0.0,0.0,0.0,0.0,0.0,0.0,-0.9166666666666665,-2.875,-3.5,-2.7249999999999996,-4.875,-3.666666666666667,-7.75,-5.416666666666667,-6.375,-6.25,-2.5,-8.45,-8.25,-3.333333333333333,-9.25,-11.5,-13.166666666666666,-7.833333333333333,-7.25,-7.25,-7.583333333333333,-2.875,-1.0,-2.375,0.6666666666666665,2.833333333333333,4.9,0.0,0.0,0.0,0.0,0.0,0.0,0.0,0.0,0.0,0.0,0.0
0.0,0.0,0.0,0.0,0.0,0.0,0.0,0.0,0.0,0.0,0.0,0.0,0.0,0.0,0.0,0.0,0.0,0.0,0.0,0.0,0.0,0.0,0.0,0.0,0.0,0.0,0.0,0.0,-1.0,-2.75,-2.0,-2.5,-2.125,0.5333333333333332,-3.458333333333334,-5.75,-8.375,-8.125,-7.083333333333333,-9.125,-9.45,-7.625,-3.416666666666667,-3.666666666666667,-7.666666666666666,-2.166666666666667,-1.4999999999999991,-5.583333333333333,-1.0,-2.625,-0.75,-0.875,-0.5250000000000004,-0.8999999999999999,2.5000000000000004,1.9333333333333331,0.0,0.0,0.0,0.0,0.0,0.0,0.0,0.0,0.0,0.0
0.0,0.0,0.0,0.0,0.0,0.0,0.0,0.0,0.0,0.0,0.0,0.0,0.0,0.0,0.0,0.0,0.0,0.0,0.0,0.0,0.0,0.0,0.0,0.0,0.0,0.0,0.0,0.0,0.0,0.0,-1.75,-2.666666666666666,-2.1666666666666665,-1.333333333333333,-3.0,-7.083333333333333,-6.833333333333333,-7.0,-6.5,-6.25,-6.5,-4.0,-0.75,-4.833333333333333,-5.5,-6.25,-1.666666666666667,-0.16666666666666696,2.5,-0.75,-0.25,-0.5,-0.75,-2.075,-0.5499999999999998,-0.875,0.0,0.0,0.0,0.0,0.0,0.0,0.0,0.0,0.0,0.0
0.0,0.0,0.0,0.0,0.0,0.0,0.0,0.0,0.0,0.0,0.0,0.0,0.0,0.0,0.0,0.0,0.0,0.0,0.0,0.0,0.0,0.0,0.0,0.0,0.0,0.0,0.0,0.0,0.0,-0.5,-2.0,-1.0,-4.333333333333334,-4.333333333333333,-1.375,-4.9,-8.25,-7.416666666666667,-5.25,-6.333333333333333,-7.875,-6.166666666666667,-1.5,-4.583333333333333,-6.083333333333333,-6.166666666666667,-7.166666666666667,-7.5,-2.666666666666667,-3.875,-2.083333333333333,-0.75,-1.0,-1.041666666666667,-3.925,-2.375,-2.125,0.0,0.0,0.0,0.0,0.0,0.0,0.0,0.0,0.0
0.0,0.0,0.0,0.0,0.0,0.0,0.0,0.0,0.0,0.0,0.0,0.0,0.0,0.0,0.0,0.0,0.0,0.0,0.0,0.0,0.0,0.0,0.0,0.0,0.0,0.0,0.0,0.0,0.0,0.0,-1.0,-0.33333333333333326,-3.333333333333333,-1.166666666666667,-0.3333333333333335,0.3333333333333335,-6.0,-8.5,-8.625,-6.416666666666667,-5.833333333333333,-7.875,-5.75,-1.75,-7.25,-8.75,-9.125,-9.5,-11.0,-3.333333333333333,0.33333333333333304,-3.5,-3.166666666666667,-4.999999999999999,-0.8666666666666671,-3.625,-1.5,0.0,0.0,0.0,0.0,0.0,0.0,0.0,0.0,0.0
0.0,0.0,0.0,0.0,0.0,0.0,0.0,0.0,0.0,0.0,0.0,0.0,0.0,0.0,0.0,0.0,0.0,0.0,0.0,0.0,0.0,0.0,0.0,0.0,0.0,0.0,0.0,0.0,0.0,0.0,-0.16666666666666652,-1.3333333333333335,-2.166666666666667,-0.4166666666666665,-0.8333333333333335,-0.20833333333333348,-1.666666666666667,-6.416666666666666,-8.125,-7.625,-7.875,-4.25,-3.0,-6.0,-7.666666666666667,-8.166666666666668,-9.5,-10.75,-11.125,-5.166666666666667,-0.33333333333333304,0.75,-6.5,-1.291666666666667,-1.208333333333333,-1.25,-3.5,0.0,0.0,0.0,0.0,0.0,0.0,0.0,0.0,0.0
0.0,0.0,0.0,0.0,0.0,0.0,0.0,0.0,0.0,0.0,0.0,0.0,0.0,0.0,0.0,0.0,0.0,0.0,0.0,0.0,0.0,0.0,0.0,0.0,0.0,0.0,0.0,0.0,0.0,0.0,0.08333333333333348,0.03333333333333366,-3.3333333333333335,-1.9166666666666665,-2.0,-0.5,-1.8333333333333335,-5.5,-7.25,-6.75,-6.75,-4.75,-3.25,-6.5,-4.583333333333333,-4.75,-11.05,-10.916666666666666,-11.125,-6.375,-3.333333333333334,-3.0,-2.333333333333333,-5.416666666666667,-0.41666666666666696,-3.0,-3.875,-3.875,0.0,0.0,0.0,0.0,0.0,0.0,0.0,0.0
0.0,0.0,0.0,0.0,0.0,0.0,0.0,0.0,0.0,0.0,0.0,0.0,0.0,0.0,0.0,0.0,0.0,0.0,0.0,0.0,0.0,0.0,0.0,0.0,0.0,0.0,0.0,0.0,0.0,0.0,-0.875,0.0,-3.875,0.833333333333333,-4.333333333333334,-4.166666666666666,-2.5,-0.875,-6.25,-7.75,-3.666666666666667,-4.791666666666666,-8.5,-8.625,-3.166666666666667,-5.933333333333334,-10.75,-10.916666666666666,-9.75,-9.583333333333334,-1.833333333333333,-1.583333333333333,-2.333333333333333,-1.875,-5.0,-4.25,-3.375,-3.375,0.0,0.0,0.0,0.0,0.0,0.0,0.0,0.0
0.0,0.0,0.0,0.0,0.0,0.0,0.0,0.0,0.0,0.0,0.0,0.0,0.0,0.0,0.0,0.0,0.0,0.0,0.0,0.0,0.0,0.0,0.0,0.0,0.0,0.0,0.0,0.0,0.0,0.0,0.0,0.0,0.0,0.0,-1.125,-3.8333333333333335,-1.625,-0.625,-0.375,-3.125,-6.466666666666666,-5.416666666666666,-9.5,-9.5,-10.0,-10.65,-11.0,-7.166666666666666,-7.0,-12.0,-6.666666666666666,-6.0,-4.333333333333333,-3.2,-4.125,-4.4,0.0,0.0,0.0,0.0,0.0,0.0,0.0,0.0,0.0,0.0
0.0,0.0,0.0,0.0,0.0,0.0,0.0,0.0,0.0,0.0,0.0,0.0,0.0,0.0,0.0,0.0,0.0,0.0,0.0,0.0,0.0,0.0,0.0,0.0,0.0,0.0,0.0,0.0,0.0,0.0,0.0,0.0,0.0,0.0,0.0,-4.208333333333334,-3.4583333333333335,-0.5833333333333335,-1.0,-1.75,-6.4,-6.6,-10.821428571428571,-10.25,-10.642857142857142,-11.25,-11.5,-12.083333333333334,-7.166666666666666,-12.25,-12.25,-7.75,-5.833333333333333,-3.541666666666667,-3.35,-3.15,0.0,0.0,0.0,0.0,0.0,0.0,0.0,0.0,0.0,0.0
0.0,0.0,0.0,0.0,0.0,0.0,0.0,0.0,0.0,0.0,0.0,0.0,0.0,0.0,0.0,0.0,0.0,0.0,0.0,0.0,0.0,0.0,0.0,0.0,0.0,0.0,0.0,0.0,0.0,0.0,0.0,0.0,0.0,0.0,0.0,-3.0,-1.5999999999999996,-2.6500000000000004,-2.15,-2.7916666666666665,-3.875,-4.583333333333333,-3.166666666666666,-8.083333333333332,-9.55,-11.035714285714285,-11.5,-12.125,-12.25,-12.5,-12.5,-12.25,-3.333333333333333,-1.166666666666667,-3.25,-3.875,0.0,0.0,0.0,0.0,0.0,0.0,0.0,0.0,0.0,0.0
0.0,0.0,0.0,0.0,0.0,0.0,0.0,0.0,0.0,0.0,0.0,0.0,0.0,0.0,0.0,0.0,0.0,0.0,0.0,0.0,0.0,0.0,0.0,0.0,0.0,0.0,0.0,0.0,0.0,0.0,0.0,0.0,0.0,0.0,0.0,-2.0,-0.4761904761904763,-5.0,-2.625,-4.208333333333333,-4.375,-2.75,-1.375,1.333333333333334,-8.85,-10.25,-10.85,-11.875,-12.083333333333334,-12.666666666666666,-12.833333333333334,-12.5,-4.5,-7.25,-3.25,-5.25,0.0,0.0,0.0,0.0,0.0,0.0,0.0,0.0,0.0,0.0
0.0,0.0,0.0,0.0,0.0,0.0,0.0,0.0,0.0,0.0,0.0,0.0,0.0,0.0,0.0,0.0,0.0,0.0,0.0,0.0,0.0,0.0,0.0,0.0,0.0,0.0,0.0,0.0,0.0,0.0,0.0,0.0,0.0,0.0,0.0,-3.1666666666666665,-1.375,-2.291666666666667,-2.625,-4.125,-2.833333333333333,-6.4,-5.270833333333333,-2.9000000000000004,-4.583333333333333,-3.0,-5.533333333333334,-10.625,-11.75,-12.5,-12.5,-11.75,-7.5,-7.75,-0.2999999999999998,-4.791666666666667,0.0,0.0,0.0,0.0,0.0,0.0,0.0,0.0,0.0,0.0
0.0,0.0,0.0,0.0,0.0,0.0,0.0,0.0,0.0,0.0,0.0,0.0,0.0,0.0,0.0,0.0,0.0,0.0,0.0,0.0,0.0,0.0,0.0,0.0,0.0,0.0,0.0,0.0,0.0,0.0,0.0,0.0,0.0,0.0,0.0,-2.583333333333333,-3.625,-2.625,-2.125,-2.875,-2.7,-4.15,-5.666666666666666,-7.0,-5.75,-4.916666666666667,-5.366666666666666,-9.875,-11.45,-11.0,-11.0,-9.25,-9.25,-4.666666666666666,-3.666666666666667,-5.791666666666667,-1.916666666666667,0.0,0.0,0.0,0.0,0.0,0.0,0.0,0.0,0.0
0.0,0.0,0.0,0.0,0.0,0.0,0.0,0.0,0.0,0.0,0.0,0.0,0.0,0.0,0.0,0.0,0.0,0.0,0.0,0.0,0.0,0.0,0.0,0.0,0.0,0.0,0.0,0.0,0.0,0.0,0.0,0.0,-0.04999999999999982,0.20833333333333304,0.0,-4.15,-3.55,-5.0,-2.5,-1.625,2.125,-0.16666666666666696,-4.416666666666666,-3.5,0.833333333333333,1.166666666666666,0.33333333333333304,-4.041666666666666,-10.2,-11.5,-11.083333333333334,-5.75,-4.333333333333334,-8.0,-10.666666666666666,-10.375,0.0,0.0,0.0,0.0,0.0,0.0,0.0,0.0,0.0,0.0
0.0,0.0,0.0,0.0,0.0,0.0,0.0,0.0,0.0,0.0,0.0,0.0,0.0,0.0,0.0,0.0,0.0,0.0,0.0,0.0,0.0,0.0,0.0,0.0,0.0,0.0,0.0,0.0,0.0,0.0,0.0,0.0,2.7666666666666666,0.0,0.0,0.0,-3.5,-1.7,1.5499999999999998,-1.4500000000000002,-0.875,-0.25,-3.35,-2.6666666666666665,-1.291666666666667,-6.833333333333334,-7.333333333333333,-3.5,-6.9,-4.033333333333333,-6.583333333333333,-5.416666666666666,-5.85,-5.5,-3.5,-1.166666666666667,0.0,0.0,0.0,0.0,0.0,0.0,0.0,0.0,0.0,0.0
0.0,0.0,0.0,0.0,0.0,0.0,0.0,0.0,0.0,0.0,0.0,0.0,0.0,0.0,0.0,0.0,0.0,0.0,0.0,0.0,0.0,0.0,0.0,0.0,0.0,0.0,0.0,0.0,0.0,0.0,0.0,0.0,8.166666666666668,10.0,1.75,-10.375,-3.05,-4.625,-0.75,-0.75,-1.1,-0.75,-3.15,-2.9999999999999996,-3.0833333333333335,-3.1666666666666665,-2.75,-0.375,-0.43333333333333357,-8.642857142857142,-7.666666666666667,-7.5,-11.25,-11.5,-11.833333333333334,-4.75,0.0,0.0,0.0,0.0,0.0,0.0,0.0,0.0,0.0,0.0
0.0,0.0,0.0,0.0,0.0,0.0,0.0,0.0,0.0,0.0,0.0,0.0,0.0,0.0,0.0,0.0,0.0,0.0,0.0,0.0,0.0,0.0,0.0,0.0,0.0,0.0,0.0,0.0,0.0,0.0,0.0,0.0,4.5,12.75,11.0,2.25,0.20833333333333348,-5.375,-1.6666666666666665,-1.4,-1.1,-1.5499999999999998,-0.8999999999999999,-4.0,-0.4166666666666665,-1.4,0.3333333333333335,-0.43333333333333357,-2.083333333333333,-8.642857142857142,-9.75,-4.25,-8.166666666666668,-12.583333333333334,-12.375,-11.333333333333334,-10.333333333333332,-10.166666666666668,0.0,0.0,0.0,0.0,0.0,0.0,0.0,0.0
0.0,0.0,0.0,0.0,0.0,0.0,0.0,0.0,0.0,0.0,0.0,0.0,0.0,0.0,0.0,0.0,0.0,0.0,0.0,0.0,0.0,0.0,0.0,0.0,0.0,0.0,0.0,0.0,0.0,0.0,0.0,6.333333333333334,1.1500000000000004,9.5,16.0,1.5,0.25,-1.5,-2.375,-0.9333333333333336,-1.25,-0.3333333333333335,0.0,-2.266666666666667,-1.5,-1.9166666666666665,-2.4375,-3.2,-8.5,-2.35,-11.5,-10.625,-9.333333333333332,-12.125,-12.625,-10.666666666666668,-10.166666666666668,-10.166666666666668,0.0,0.0,0.0,0.0,0.0,0.0,0.0,0.0
0.0,0.0,0.0,0.0,0.0,0.0,0.0,0.0,0.0,0.0,0.0,0.0,0.0,0.0,0.0,0.0,0.0,0.0,0.0,0.0,0.0,0.0,0.0,0.0,0.0,0.0,0.0,0.0,0.0,0.0,-6.5,8.5,3.375,11.75,9.25,0.5,10.5,6.75,-5.75,-3.625,-3.9,-1.375,-1.5,-2.666666666666667,-4.166666666666667,-1.85,-1.6190476190476193,-3.3,-9.357142857142858,-8.6,-8.833333333333332,-8.666666666666668,-11.0,-12.375,-12.166666666666666,-10.333333333333332,-10.166666666666668,-1.0,0.0,0.0,0.0,0.0,0.0,0.0,0.0,0.0
0.0,0.0,0.0,0.0,0.0,0.0,0.0,0.0,0.0,0.0,0.0,0.0,0.0,0.0,0.0,0.0,0.0,0.0,0.0,0.0,0.0,0.0,0.0,0.0,0.0,0.0,0.0,0.0,0.0,0.0,-8.7,1.416666666666666,-0.875,0.75,3.833333333333334,-0.5,-1.333333333333333,0.45833333333333304,-3.75,-5.0,-5.0,-4.0,-0.8333333333333335,-4.666666666666667,-2.583333333333333,-2.75,-1.875,-1.35,0.9166666666666667,-0.16666666666666652,-11.833333333333334,-11.8,-13.166666666666666,-12.5,-11.333333333333334,-11.625,-7.25,-0.25,0.0,0.0,0.0,0.0,0.0,0.0,0.0,0.0
0.0,0.0,0.0,0.0,0.0,0.0,0.0,0.0,0.0,0.0,0.0,0.0,0.0,0.0,0.0,0.0,0.0,0.0,0.0,0.0,0.0,0.0,0.0,0.0,0.0,0.0,0.0,0.0,0.0,-3.7857142857142856,-0.625,-9.9,-10.5,-9.625,1.166666666666667,2.083333333333333,-2.166666666666667,-2.166666666666667,3.5,-3.666666666666667,-2.125,-6.0,-6.0,-5.333333333333333,-3.875,-2.0,-0.75,0.16666666666666696,1.75,1.8250000000000002,-0.6666666666666665,-12.3,-12.7,-10.166666666666668,-7.5,-7.5,1.75,3.0,0.0,0.0,0.0,0.0,0.0,0.0,0.0,0.0
0.0,0.0,0.0,0.0,0.0,0.0,0.0,0.0,0.0,0.0,0.0,0.0,0.0,0.0,0.0,0.0,0.0,0.0,0.0,0.0,0.0,0.0,0.0,0.0,0.0,0.0,0.0,0.0,-2.5,-3.375,-10.8,-10.2,-7.333333333333333,-10.5,-10.6,-7.166666666666667,-2.166666666666667,-2.166666666666667,1.0,-5.375,-1.7916666666666665,-2.125,-4.5,-7.5,-5.25,-0.375,-2.2,0.6666666666666667,5.333333333333333,2.0,0.75,-2.607142857142857,-12.1,-7.5,-9.5,-9.5,2.75,5.083333333333334,5.75,0.0,0.0,0.0,0.0,0.0,0.0,0.0
0.0,0.0,0.0,0.0,0.0,0.0,0.0,0.0,0.0,0.0,0.0,0.0,0.0,0.0,0.0,0.0,0.0,0.0,0.0,0.0,0.0,0.0,0.0,0.0,0.0,0.0,0.0,-3.6,2.5,-12.7,-11.25,-10.7,-10.8,-11.928571428571429,-9.25,-7.166666666666667,-3.25,-2.166666666666667,-4.166666666666667,-2.833333333333333,-3.6666666666666665,-8.0,-7.333333333333334,-8.0,-7.75,-1.875,2.0,2.625,3.125,1.625,3.166666666666667,-0.666666666666667,-0.25,-7.166666666666667,-6.833333333333334,-7.0,-1.125,5.75,6.416666666666667,5.25,0.0,0.0,0.0,0.0,0.0,0.0
0.0,0.0,0.0,0.0,0.0,0.0,0.0,0.0,0.0,0.0,0.0,0.0,0.0,0.0,0.0,0.0,0.0,0.0,0.0,0.0,0.0,0.0,0.0,0.0,0.0,0.0,0.0,-1.4,-2.7,-12.8,-11.833333333333334,-9.9,-9.9,-10.0,-8.9,-5.833333333333334,-6.166666666666666,-1.5,-3.166666666666667,-1.0,-5.166666666666666,-3.583333333333334,-4.75,-3.083333333333333,-4.5,-0.25,-1.625,-0.375,7.0,5.25,3.5,3.666666666666667,-0.666666666666667,6.0,7.25,3.916666666666666,1.416666666666667,3.5,5.666666666666666,5.583333333333334,2.4999999999999996,0.0,0.0,0.0,0.0,0.0
0.0,0.0,0.0,0.0,0.0,0.0,0.0,0.0,0.0,0.0,0.0,0.0,0.0,0.0,0.0,0.0,0.0,0.0,0.0,0.0,0.0,0.0,0.0,0.0,0.0,5.625,4.7,1.5,-1.0,-3.5,-3.35,-7.125,-10.333333333333332,-9.9,-8.7,-7.25,-8.375,-8.0,0.0,-0.25,-4.333333333333334,-1.583333333333333,-2.0,0.5833333333333333,-0.25,-0.8333333333333335,1.5,1.3333333333333333,7.625,5.083333333333334,4.583333333333333,8.8,3.916666666666666,9.75,8.833333333333334,8.25,3.8333333333333335,6.75,5.5,5.25,12.5,0.0,0.0,0.0,0.0,0.0
0.0,0.0,0.0,0.0,0.0,0.0,0.0,0.0,0.0,0.0,0.0,0.0,0.0,0.0,0.0,0.0,0.0,0.0,0.0,0.0,0.0,0.0,0.0,0.0,5.75,4.0,4.5,3.1666666666666665,-1.4285714285714284,-1.0714285714285716,-2.25,-2.333333333333333,-9.0,-10.0,-9.5,-9.1,-7.833333333333333,-0.75,1.5,-1.25,-3.75,-1.5,2.5,2.5,-1.4166666666666667,-1.1,0.25,2.25,1.875,0.16666666666666696,5.5,3.6666666666666665,9.5,9.0,3.416666666666667,1.375,4.75,6.25,5.5,12.25,0.0,0.0,0.0,0.0,0.0,0.0
0.0,0.0,0.0,0.0,0.0,0.0,0.0,0.0,0.0,0.0,0.0,0.0,0.0,0.0,0.0,0.0,0.0,0.0,0.0,0.0,0.0,0.0,9.1,5.3,4.3,4.8,3.5,2.142857142857143,3.8333333333333335,0.875,0.0,1.7333333333333338,-9.25,-8.9,-9.6,-8.375,-0.5,-1.5,5.5,2.166666666666667,-4.5,-1.3333333333333335,2.25,3.1666666666666665,-7.2,-2.5,-1.4166666666666665,0.125,0.375,1.5,4.5,7.083333333333333,10.0,3.75,7.25,7.5,8.0,6.25,11.0,0.0,0.0,0.0,0.0,0.0,0.0,0.0
0.0,0.0,0.0,0.0,0.0,0.0,0.0,0.0,0.0,0.0,0.0,0.0,0.0,0.0,0.0,0.0,0.0,0.0,0.0,0.0,0.0,8.7,8.8,8.6,4.9,6.625,4.4,4.125,2.9,4.625,3.333333333333333,3.666666666666667,2.9999999999999996,-10.166666666666666,-9.916666666666668,-8.125,-6.833333333333334,-6.833333333333333,2.333333333333333,4.5,2.25,2.375,3.1666666666666665,3.3333333333333335,-5.5,-7.25,-1.75,0.0,0.33333333333333326,0.9583333333333335,3.0000000000000004,8.75,10.083333333333334,0.7999999999999998,5.5,13.0,15.0,14.5,11.0,0.0,0.0,0.0,0.0,0.0,0.0,0.0
0.0,0.0,0.0,0.0,0.0,0.0,0.0,0.0,0.0,0.0,0.0,0.0,0.0,0.0,0.0,0.0,0.0,0.0,0.0,0.0,0.0,10.875,10.75,11.375,6.75,4.8,4.25,5.333333333333333,4.625,7.0,5.25,4.5,-0.41666666666666696,-2.5,-10.285714285714285,-7.25,-6.75,5.833333333333334,2.833333333333333,2.5,0.75,2.25,2.4,2.125,-2.2,-3.75,-1.5,0.0,0.33333333333333326,-0.16666666666666652,0.20000000000000018,5.0,9.125,5.333333333333334,5.5,7.0,15.0,14.0,0.0,0.0,0.0,0.0,0.0,0.0,0.0,0.0
0.0,0.0,0.0,0.0,0.0,0.0,0.0,0.0,0.0,0.0,0.0,0.0,0.0,0.0,0.0,0.0,0.0,0.0,0.0,0.0,7.375,6.875,7.125,5.7,5.7,6.625,3.75,5.166666666666667,4.25,4.5,4.125,3.1666666666666665,-0.75,-0.4166666666666665,-1.3333333333333335,1.583333333333333,1.625,-0.6666666666666665,1.833333333333333,0.0,0.5,2.125,3.5,2.6666666666666665,1.25,-1.25,-0.6666666666666665,0.16666666666666674,0.5,-1.3333333333333333,3.0,2.666666666666666,7.583333333333333,6.0,4.083333333333333,13.5,13.0,12.5,12.5,0.0,0.0,0.0,0.0,0.0,0.0,0.0
0.0,0.0,0.0,0.0,0.0,0.0,0.0,0.0,0.0,0.0,0.0,0.0,0.0,11.666666666666666,0.0,0.0,0.0,0.0,0.0,5.333333333333333,4.1,3.333333333333333,4.25,9.333333333333334,13.833333333333334,13.0,3.6,5.5,5.333333333333333,4.5,4.166666666666666,6.875,5.666666666666666,1.25,-1.0625,2.0,3.0,-1.0,-1.25,-1.3333333333333335,-0.25,0.875,4.0,4.25,1.6666666666666665,-3.8333333333333335,-6.75,-0.375,0.0,1.0833333333333335,2.333333333333333,6.916666666666666,8.333333333333334,2.791666666666667,3.833333333333333,15.5,15.0,15.0,14.333333333333334,16.833333333333332,0.0,0.0,0.0,0.0,0.0,0.0
0.0,0.0,0.0,0.0,0.0,0.0,0.0,0.0,0.0,0.0,0.0,0.0,0.0,0.0,10.5,0.0,0.0,0.0,6.3,0.0,5.875,3.333333333333333,5.083333333333333,4.5,9.666666666666666,13.333333333333334,6.125,8.5,8.5,7.5,4.333333333333333,2.125,5.25,4.5,0.20000000000000018,0.20000000000000018,-0.125,-1.7000000000000002,-0.7999999999999998,-0.2999999999999998,0.25,-0.7000000000000002,1.0,2.375,2.75,-2.625,-5.333333333333333,-0.625,0.5,2.75,2.7083333333333335,1.5000000000000004,0.833333333333333,5.25,5.75,13.0,14.75,4.0,3.0,15.333333333333332,17.0,16.166666666666668,0.0,0.0,0.0,0.0
0.0,0.0,0.0,0.0,0.0,0.0,0.0,0.0,0.0,0.0,0.0,8.666666666666666,0.0,0.0,10.833333333333334,0.0,8.4,9.875,5.666666666666667,4.25,4.7,6.333333333333333,4.625,5.833333333333333,4.7,6.5,3.3333333333333335,9.0,8.5,7.25,4.833333333333333,10.0,5.25,5.0,-0.5,-0.833333333333333,2.25,-3.0999999999999996,-3.25,0.20000000000000018,-0.7999999999999998,-0.7000000000000002,0.25,0.5,3.0,0.0,-20.0,0.875,3.25,5.0,5.5,-0.25,3.166666666666667,6.5,13.5,5.75,6.5,2.25,-9.0,1.75,2.8333333333333335,-0.5,15.0,0.0,0.0,0.0
0.0,0.0,0.0,0.0,0.0,0.0,0.0,0.0,0.0,0.0,0.0,0.0,0.0,0.0,13.5,13.5,13.0,6.333333333333333,5.083333333333333,4.8,5.75,4.875,9.25,9.25,8.5,5.833333333333333,9.0,9.0,8.5,7.25,10.0,10.5,5.75,5.166666666666667,2.166666666666667,2.0,1.75,-2.0,-0.7000000000000002,-0.20000000000000018,0.5999999999999996,-0.375,0.16666666666666652,0.0,-0.25,-0.5416666666666665,-5.375,1.5,3.916666666666667,5.0,9.25,6.25,11.0,13.5,16.0,6.0,5.916666666666666,1.75,-10.0,2.125,7.625,-3.5,6.125,13.5,14.25,0.0
0.0,0.0,0.0,0.0,0.0,0.0,0.0,0.0,0.0,0.0,0.0,0.0,0.0,0.0,13.5,13.833333333333334,13.0,8.75,6.4,6.375,7.833333333333333,5.75,9.25,9.25,9.25,8.5,10.25,6.166666666666667,4.666666666666667,7.5,10.0,11.0,3.5,6.5,0.75,1.25,0.833333333333333,1.125,0.75,-0.20000000000000018,-0.07142857142857162,3.5,-0.125,-0.25,0.375,-0.19999999999999996,1.833333333333333,3.5,6.666666666666666,-1.0,5.166666666666667,1.125,11.0,11.5,14.0,14.0,5.75,3.0,1.75,2.375,4.5,6.25,14.833333333333334,4.45,13.1,0.0
0.0,0.0,0.0,0.0,0.0,0.0,0.0,0.0,0.0,0.0,0.0,0.0,5.7,6.3,13.333333333333334,13.333333333333334,12.666666666666666,8.625,7.5,10.625,7.0,9.0,7.166666666666667,6.666666666666667,6.5,6.666666666666667,6.5,6.166666666666667,5.166666666666667,7.5,10.0,2.5,4.2,6.625,6.375,5.833333333333333,0.16666666666666696,4.5,1.333333333333333,0.375,0.0,-1.4166666666666665,0.5833333333333335,-1.5,0.6499999999999999,2.8333333333333335,3.833333333333333,6.166666666666667,9.0,6.916666666666666,1.4166666666666665,-7.5,1.5,1.0,14.25,5.25,16.0,15.333333333333334,2.5,-2.375,2.083333333333333,4.3,13.3,4.125,4.0,7.333333333333334
0.0,0.0,0.0,0.0,0.0,0.0,0.0,0.0,0.0,0.0,0.0,0.0,0.0,7.0,9.75,16.666666666666668,12.75,11.125,10.0,9.9,12.875,7.375,8.666666666666666,5.875,4.25,5.25,5.25,6.5,6.5,5.5,10.0,5.5,6.375,4.583333333333333,6.1,6.166666666666667,4.5,3.75,4.5,0.5,-0.125,2.375,2.125,0.875,0.5,3.5,3.833333333333333,4.166666666666667,5.666666666666667,2.5,-6.5,-5.5,-6.75,-7.25,-6.25,-4.5,5.5,12.25,4.083333333333333,3.583333333333333,3.25,3.083333333333333,3.5,10.166666666666666,7.0,7.5
0.0,0.0,0.0,0.0,0.0,0.0,0.0,0.0,0.0,0.0,0.0,0.0,0.0,7.375,5.75,13.75,12.75,10.6,11.3,8.5,9.2,7.375,7.0,6.0,-1.3333333333333335,0.0,4.875,5.25,7.333333333333333,8.166666666666666,7.833333333333333,8.333333333333334,7.0,4.3,4.8,6.5,0.666666666666667,3.0833333333333335,3.25,2.25,3.25,5.0,5.25,3.5,1.75,3.5,5.75,3.75,4.833333333333333,-8.0,-7.833333333333333,-9.5,-7.5,-8.5,-8.25,-7.0,8.75,1.5,0.5,9.833333333333332,10.875,10.0,11.9,8.0,2.75,4.5
0.0,0.0,0.0,0.0,0.0,0.0,0.0,0.0,0.0,0.0,0.0,0.0,0.0,4.0,11.0,12.25,12.625,6.6,5.0,6.75,7.125,7.0,8.333333333333334,5.0,-0.5,-0.75,1.75,4.625,5.375,5.875,7.666666666666667,7.0,7.75,5.0,7.5,3.0,0.666666666666667,2.75,10.75,2.25,5.0,0.75,0.0,-3.333333333333333,3.5,0.375,4.75,2.0,-8.0,-10.0,-9.25,-8.25,-9.5,-8.25,-10.75,-9.0,6.75,7.75,7.0,-4.0,10.75,10.333333333333334,7.5,4.5,5.5,5.5
0.0,0.0,0.0,0.0,0.0,0.0,0.0,0.0,0.0,0.0,0.0,0.0,0.0,11.666666666666666,12.333333333333334,14.666666666666666,12.166666666666666,4.0,4.3,6.25,6.25,5.375,9.5,5.0,0.25,1.0,-1.125,-0.7000000000000002,4.5,3.3,3.25,4.25,14.0,7.25,7.0,4.0,4.0,11.0,11.25,9.5,0.25,1.75,-2.5,-2.5,2.75,5.0,5.25,-5.75,-9.0,-4.5,-10.75,-4.5,-2.25,-11.0,-10.5,1.75,2.666666666666667,12.833333333333334,11.9,10.75,9.5,7.25,4.5,6.0,4.5,6.0
0.0,0.0,0.0,0.0,0.0,0.0,0.0,0.0,0.0,0.0,0.0,0.0,0.0,11.333333333333334,10.666666666666666,14.5,14.25,10.5,3.2,4.4,5.833333333333333,8.75,7.75,3.5,2.0000000000000004,-0.46666666666666634,1.0666666666666667,1.75,0.8666666666666667,1.1666666666666667,2.625,5.75,11.5,14.5,14.0,5.0,6.0,11.0,12.0,12.1,0.25,-2.5,-2.5,-2.125,-3.0,0.33333333333333304,2.0,-5.25,-9.75,-11.5,-5.0,-5.0,-8.5,-6.75,-11.5,5.375,13.0,14.0,4.416666666666666,3.5,0.5,3.5,3.5,3.0,2.5,0.0
0.0,0.0,0.0,0.0,0.0,0.0,0.0,0.0,0.0,0.0,0.0,0.0,0.0,16.25,15.5,15.5,14.25,15.75,10.5,2.5,7.75,4.0,4.0,1.75,1.5,0.125,1.75,1.125,-0.10000000000000009,-0.4750000000000001,2.4999999999999996,4.5,11.0,11.0,11.0,4.75,4.5,13.0,12.5,9.166666666666668,5.5,-2.0,-1.5,-3.75,0.0,3.0,2.5,3.166666666666667,-10.75,-11.5,-2.75,0.08333333333333304,-9.0,-8.5,-3.5,0.875,12.8,14.0,10.875,0.0,-10.5,-3.75,0.75,3.0,1.5,0.0
0.0,0.0,0.0,0.0,0.0,0.0,0.0,0.0,0.0,0.0,0.0,0.0,0.0,16.25,16.25,15.5,32.0,15.75,12.25,1.3333333333333335,1.75,1.5,1.75,2.3333333333333335,-1.25,-2.25,0.8333333333333335,1.5,-0.7000000000000002,-0.3095238095238093,4.5,9.75,14.0,3.25,2.75,1.0,-1.5833333333333335,4.5,6.75,2.5,-0.666666666666667,-2.5,-3.5,-0.5,-3.166666666666667,4.75,-9.25,-11.25,-3.75,-4.0,-14.666666666666666,-12.0,-13.25,1.0,-1.333333333333333,0.916666666666667,9.333333333333332,9.5,9.125,-0.75,-10.5,-12.0,-1.5,1.6666666666666667,0.0,0.0
0.0,0.0,0.0,0.0,0.0,0.0,0.0,0.0,0.0,0.0,0.0,0.0,0.0,10.5,12.25,33.5,16.25,14.5,0.0,-4.75,-1.0,1.1666666666666665,1.4999999999999996,-1.25,-1.5,-2.25,1.8333333333333335,1.8333333333333335,3.0,3.666666666666667,4.5,9.25,4.75,1.8333333333333335,2.833333333333333,0.5,1.875,2.333333333333333,8.25,4.0,1.25,-2.5,1.916666666666667,0.375,-0.25,0.16666666666666696,-14.0,-15.75,-13.75,-5.416666666666667,-15.375,-13.0,-3.25,2.8333333333333335,5.4,8.166666666666668,-6.5,-14.75,-9.5,-3.0,-4.0,-12.0,-2.0,-1.333333333333333,0.0,0.0
0.0,0.0,0.0,0.0,0.0,0.0,0.0,0.0,0.0,0.0,0.0,0.0,0.0,0.0,10.0,11.25,15.5,14.75,-2.333333333333333,-7.5,-15.0,-3.75,-3.25,-1.666666666666667,-1.666666666666667,-1.333333333333333,1.833333333333333,2.708333333333333,1.875,4.5,4.0,3.416666666666667,6.0,9.583333333333334,4.5,1.5,2.5,2.666666666666667,6.5,4.5,-0.25,2.25,3.083333333333334,-5.0,-6.0,1.583333333333333,1.666666666666667,0.25,-15.75,-4.5,-14.5,-15.125,5.75,5.5,5.0,0.41666666666666696,-3.75,-2.0,-12.5,-14.5,-17.5,-4.0,-5.5,0.0,0.0,0.0
0.0,0.0,0.0,0.0,0.0,0.0,0.0,0.0,0.0,0.0,0.0,0.0,0.0,2.75,-0.8333333333333339,-1.5,8.75,13.25,1.5,-17.166666666666668,-17.5,-14.5,-2.5,-2.0,-2.6666666666666665,-0.583333333333333,-0.25,1.3333333333333335,1.875,11.0,6.5,6.5,5.166666666666667,1.5,10.0,4.75,5.0,6.25,7.0,2.0,5.5,2.5,2.5,5.499999999999999,7.5,2.833333333333333,-1.25,-4.9,-5.15,-5.4,-5.1,-12.75,3.333333333333333,7.25,4.5,1.75,2.5,-15.0,-15.5,-17.5,-17.5,-17.0,0.0,0.0,0.0,0.0
0.0,0.0,0.0,0.0,0.0,0.0,0.0,0.0,0.0,0.0,0.0,0.0,0.0,-4.0,-1.166666666666666,-2.0,2.5,-0.3333333333333339,-4.0,-16.5,-16.5,-15.0,-1.75,-1.75,-1.4166666666666665,-1.5833333333333335,0.0,-0.25,2.75,5.75,7.0,4.5,3.5,4.0,3.0,7.75,8.5,6.25,9.0,4.0,3.666666666666667,3.833333333333334,1.5,11.0,10.833333333333332,10.083333333333332,3.75,-3.75,-0.16666666666666607,-2.625,-4.6,-5.125,0.833333333333333,5.3,-0.33333333333333304,5.5,-0.5,-3.25,-7.0,-6.75,-17.5,-17.5,0.0,0.0,0.0,0.0
0.0,0.0,0.0,0.0,0.0,0.0,0.0,0.0,0.0,0.0,0.0,0.0,0.0,0.0,-4.416666666666666,-3.25,-10.0,-1.5,-3.5,-7.0,-3.8333333333333335,-5.5,-0.9166666666666665,0.75,-0.25,-0.75,-0.5833333333333335,2.25,5.5,6.0,4.5,5.5,8.25,10.25,6.166666666666667,6.833333333333333,10.0,8.75,10.25,7.5,7.666666666666667,5.5,11.5,10.0,13.0,10.375,4.0,-3.5,-6.5,-1.625,-13.0,-13.166666666666668,-5.916666666666666,1.166666666666667,-2.0,-1.0,-3.5,-6.5,-4.166666666666667,-7.25,-7.25,0.0,0.0,0.0,0.0,0.0
0.0,0.0,0.0,0.0,0.0,0.0,0.0,0.0,0.0,0.0,0.0,0.0,0.0,0.0,-11.5,-4.25,-10.0,-2.25,-5.5,-2.8,-5.5,-0.8333333333333334,2.0,3.0,1.75,1.8333333333333333,1.5,5.5,3.0,1.6666666666666667,3.833333333333333,3.166666666666667,6.5,10.25,7.666666666666667,5.875,11.0,6.833333333333333,6.666666666666667,9.666666666666666,15.0,15.0,14.25,9.75,12.125,7.916666666666667,7.916666666666667,-3.0,6.25,-9.333333333333334,-11.333333333333332,-12.166666666666668,-6.583333333333334,-2.75,-1.75,-17.0,-17.5,-15.0,-15.0,-15.0,0.0,0.0,0.0,0.0,0.0,0.0
0.0,0.0,0.0,0.0,0.0,0.0,0.0,0.0,0.0,0.0,0.0,0.0,0.0,0.0,-9.75,6.5,7.5,-1.0,-2.0,-1.375,-3.0,0.0,0.5,1.5,1.5,1.5,1.5,2.0,2.0,2.0,2.75,2.833333333333333,11.0,13.25,13.25,9.166666666666666,9.333333333333334,6.0,9.666666666666666,14.5,15.25,10.333333333333334,7.333333333333334,13.25,12.125,10.25,10.25,-0.5,6.0,-10.0,2.75,-3.0,-4.0,-4.75,-4.5,-4.166666666666667,-15.0,-13.0,-15.0,0.0,0.0,0.0,0.0,0.0,0.0,0.0
0.0,0.0,0.0,0.0,0.0,0.0,0.0,0.0,0.0,0.0,0.0,0.0,0.0,8.75,9.75,11.5,12.25,1.1666666666666667,0.5,0.5,-4.5,0.0,0.0,0.0,0.0,0.0,1.0,1.5,0.8333333333333334,3.1666666666666665,4.833333333333333,4.75,8.166666666666666,13.5,9.0,14.25,15.5,15.75,9.666666666666666,12.5,15.0,14.75,14.75,12.5,10.333333333333332,11.25,11.125,8.5,2.875,1.333333333333333,-1.75,-4.25,-11.5,-4.75,-3.25,-4.75,-1.0,-5.0,-7.25,0.0,0.0,0.0,0.0,0.0,0.0,0.0
0.0,0.0,0.0,0.0,0.0,0.0,0.0,0.0,0.0,0.0,0.0,0.0,0.0,0.0,10.5,11.5,11.5,12.25,0.5,0.0,0.0,0.0,0.0,0.0,0.0,0.0,1.0,1.5,1.5,4.75,6.333333333333333,6.166666666666667,13.0,13.5,9.333333333333334,9.833333333333334,15.25,15.0,14.5,8.666666666666666,15.25,15.0,10.333333333333334,9.166666666666666,13.0,13.75,13.0,6.5,3.1666666666666665,0.875,-5.833333333333333,-5.5,-9.0,-3.0,-3.0,-2.5,-6.75,-1.8333333333333335,0.0,0.0,0.0,0.0,0.0,0.0,0.0,0.0
0.0,0.0,0.0,0.0,0.0,0.0,0.0,0.0,0.0,0.0,0.0,0.0,0.0,0.0,11.5,11.5,11.75,1.75,2.0,0.5,0.5,0.0,0.0,0.0,0.0,0.0,1.5,-2.25,2.1666666666666665,8.25,8.5,5.166666666666667,12.75,9.166666666666666,9.166666666666666,9.5,15.5,10.5,15.75,15.5,10.5,16.0,15.75,15.0,14.75,14.5,14.5,2.0,7.5,4.666666666666667,2.0,-2.875,-1.5,-1.75,-6.25,-6.5,-6.5,-2.5,0.0,0.0,0.0,0.0,0.0,0.0,0.0,0.0
0.0,0.0,0.0,0.0,0.0,0.0,0.0,0.0,0.0,0.0,0.0,0.0,0.0,9.0,12.0,11.5,12.25,13.0,1.5,2.0,0.25,0.0,0.5,2.5,2.5,1.5,1.75,4.0,5.333333333333333,10.0,4.5,0.125,8.666666666666666,8.666666666666666,6.75,9.833333333333334,10.166666666666666,15.75,15.25,15.25,16.0,16.25,16.0,15.25,14.5,9.5,6.125,6.625,6.0,4.5,2.25,-0.5,-1.75,-3.5,-6.5,-6.666666666666667,-5.333333333333333,0.0,0.0,0.0,0.0,0.0,0.0,0.0,0.0,0.0
0.0,0.0,0.0,0.0,0.0,0.0,0.0,0.0,0.0,0.0,0.0,0.0,0.0,0.0,23.5,11.5,8.833333333333334,2.75,8.5,2.0,2.0,0.0,0.25,3.0,2.0,1.1666666666666667,1.25,4.0,9.5,9.75,2.7,3.5,8.666666666666666,5.625,9.166666666666666,9.666666666666666,9.833333333333334,10.333333333333334,15.25,15.25,15.75,16.5,15.5,15.0,9.5,8.0,5.5,7.0,5.666666666666667,6.5,1.25,0.0,-8.0,-5.25,-6.25,-5.0,0.0,0.0,0.0,0.0,0.0,0.0,0.0,0.0,0.0,0.0
0.0,0.0,0.0,0.0,0.0,0.0,0.0,0.0,0.0,0.0,0.0,0.0,0.0,11.75,20.5,10.75,11.5,7.666666666666666,8.833333333333334,5.0,2.5,0.0,0.5,0.5,0.0,0.0,1.3333333333333333,5.666666666666667,9.75,7.833333333333333,6.0,9.333333333333334,6.75,9.166666666666666,13.5,14.25,14.25,13.75,13.75,15.0,15.5,9.166666666666666,7.75,14.5,7.833333333333333,7.666666666666667,7.166666666666667,10.0,7.5,6.25,3.5,-2.0,-5.25,-5.25,-0.25,0.0,0.0,0.0,0.0,0.0,0.0,0.0,0.0,0.0,0.0,0.0
0.0,0.0,0.0,0.0,0.0,0.0,0.0,0.0,0.0,0.0,0.0,0.0,0.0,10.25,10.75,10.75,10.75,4.166666666666667,12.5,9.5,2.5,0.5,0.5,0.0,0.0,0.0,1.0,6.5,4.75,7.5,6.0,9.5,10.0,13.5,13.5,13.75,11.5,11.25,11.25,9.666666666666666,10.0,26.333333333333332,12.25,14.75,10.25,10.0,9.0,7.166666666666667,8.5,6.25,2.5,5.5,2.75,2.25,0.0,0.0,0.0,0.0,0.0,0.0,0.0,0.0,0.0,0.0,0.0,0.0
0.0,0.0,0.0,0.0,0.0,0.0,0.0,0.0,0.0,0.0,0.0,0.0,11.0,10.5,10.5,17.5,8.75,5.75,5.5,3.0,2.5,0.5,0.0,0.0,0.0,0.0,1.0,12.5,8.5,7.5,7.666666666666667,6.0,13.75,12.75,13.25,11.5,11.5,11.25,11.25,9.333333333333334,9.666666666666666,7.0,9.666666666666666,8.0,10.0,9.75,9.0,9.25,7.5,6.0,5.5,4.75,3.75,0.0,0.0,0.0,0.0,0.0,0.0,0.0,0.0,0.0,0.0,0.0,0.0,0.0
0.0,0.0,0.0,0.0,0.0,0.0,0.0,0.0,0.0,0.0,0.0,0.0,11.0,11.0,10.75,10.75,11.0,2.0,2.5,2.5,2.5,0.5,0.0,0.0,0.0,0.0,0.0,3.75,5.333333333333333,6.333333333333333,9.75,10.0,9.0,13.5,13.75,3.875,5.5,10.0,11.25,9.666666666666666,7.0,7.0,6.0,5.0,6.333333333333333,9.75,8.75,8.5,6.25,7.0,6.0,5.25,1.8333333333333333,0.0,0.0,0.0,0.0,0.0,0.0,0.0,0.0,0.0,0.0,0.0,0.0,0.0
0.0,0.0,0.0,0.0,0.0,0.0,0.0,0.0,0.0,0.0,0.0,11.75,12.75,12.75,11.25,10.75,11.25,1.5,1.5,2.0,1.5,0.0,0.0,0.0,0.0,0.0,0.0,0.8333333333333334,5.5,9.5,10.75,8.166666666666666,9.5,13.5,13.5,13.0,7.0,10.0,7.5,9.666666666666666,9.666666666666666,7.5,6.833333333333333,6.833333333333333,6.166666666666667,5.833333333333333,8.25,6.5,6.0,6.0,5.5,0.0,0.0,0.0,0.0,0.0,0.0,0.0,0.0,0.0,0.0,0.0,0.0,0.0,0.0,0.0
0.0,0.0,0.0,0.0,0.0,0.0,0.0,0.0,0.0,0.0,9.333333333333334,0.0,10.0,12.75,11.25,11.5,12.5,12.5,1.5,1.5,1.5,0.5,1.0,1.0,0.8333333333333334,1.0,4.5,-0.5,-1.3333333333333335,7.0,7.5,6.333333333333334,9.5,8.833333333333334,10.75,11.0,11.0,11.25,9.166666666666666,15.0,9.333333333333334,10.25,10.25,7.0,10.0,4.125,7.5,6.0,5.75,5.75,3.0,0.0,0.0,0.0,0.0,0.0,0.0,0.0,0.0,0.0,0.0,0.0,0.0,0.0,0.0,0.0
0.0,0.0,0.0,0.0,0.0,0.0,0.0,0.0,0.0,0.0,0.0,9.666666666666666,9.5,11.5,11.0,12.25,9.0,9.166666666666666,1.25,2.0,2.0,2.0,1.3333333333333333,1.5,4.0,4.5,2.5,3.1666666666666665,8.0,7.25,6.833333333333333,7.666666666666667,9.333333333333334,6.875,10.75,11.0,11.0,13.5,9.166666666666666,9.166666666666666,11.5,10.25,10.25,7.833333333333333,6.333333333333333,4.5,5.0,5.75,3.6666666666666665,3.5,0.0,0.0,0.0,0.0,0.0,0.0,0.0,0.0,0.0,0.0,0.0,0.0,0.0,0.0,0.0,0.0
0.0,0.0,0.0,0.0,0.0,0.0,0.0,0.0,0.0,13.25,14.75,9.666666666666666,8.333333333333334,11.5,11.75,12.0,10.166666666666666,9.0,1.5,3.5,2.0,2.5,1.75,1.25,1.25,4.5,1.5,6.0,5.5,1.75,5.5,6.666666666666667,5.375,7.333333333333333,10.75,11.0,11.25,11.25,11.25,11.25,11.25,11.5,11.5,10.0,8.0,2.75,2.6666666666666665,3.5,3.3333333333333335,0.0,0.0,0.0,0.0,0.0,0.0,0.0,0.0,0.0,0.0,0.0,0.0,0.0,0.0,0.0,0.0,0.0
0.0,0.0,0.0,5.5,5.5,3.0,12.5,0.0,0.0,0.0,12.75,0.0,0.0,11.75,11.0,11.25,16.75,4.5,5.75,6.5,3.75,3.0,4.0,1.5,1.0,2.0,4.5,1.0,2.5,6.0,6.75,8.0,9.25,10.5,10.5,11.0,10.0,10.0,10.0,6.333333333333333,6.0,10.0,10.0,9.5,8.0,4.25,5.75,6.25,0.0,0.0,0.0,0.0,0.0,0.0,0.0,0.0,0.0,0.0,0.0,0.0,0.0,0.0,0.0,0.0,0.0,0.0
0.0,4.0,3.0,5.0,5.0,5.0,8.166666666666666,12.5,0.0,8.166666666666666,8.166666666666666,11.75,11.75,0.0,21.5,20.5,12.75,6.0,5.5,6.0,6.25,6.0,6.5,1.75,2.0,5.0,0.75,0.0,0.0,2.25,3.0,7.75,9.0,6.5,7.666666666666667,10.0,9.75,10.0,6.166666666666667,8.5,8.75,9.75,9.75,9.25,0.0,6.5,4.166666666666667,0.0,0.0,0.0,0.0,0.0,0.0,0.0,0.0,0.0,0.0,0.0,0.0,0.0,0.0,0.0,0.0,0.0,0.0,0.0
4.0,0.0,3.0,5.0,5.0,2.75,4.0,12.5,12.5,0.0,12.0,11.75,11.5,11.5,21.5,10.75,11.25,5.0,5.5,6.0,6.25,7.0,7.0,5.0,4.5,1.5,0.0,0.0,0.0,2.25,5.75,7.5,8.75,9.5,9.166666666666666,9.75,9.75,9.75,8.5,6.0,7.0,8.5,9.5,9.75,0.0,7.0,0.0,0.0,0.0,0.0,0.0,0.0,0.0,0.0,0.0,0.0,0.0,0.0,0.0,0.0,0.0,0.0,0.0,0.0,0.0,0.0
0.0,0.0,0.0,5.0,5.0,3.25,4.0,12.5,12.5,0.0,0.0,8.166666666666666,12.0,0.0,22.5,11.0,11.0,2.75,5.5,6.0,6.25,5.25,11.5,5.0,4.5,1.25,0.0,0.0,0.0,0.0,3.0,6.5,7.5,9.5,9.75,9.75,9.75,9.5,0.0,0.0,0.0,0.0,0.0,0.0,0.0,0.0,0.0,0.0,0.0,0.0,0.0,0.0,0.0,0.0,0.0,0.0,0.0,0.0,0.0,0.0,0.0,0.0,0.0,0.0,0.0,0.0
0.0,0.0,0.0,0.0,3.0,3.25,2.5,12.0,12.5,0.0,0.0,0.0,12.25,12.25,23.0,11.75,12.5,2.0,5.0,12.5,5.25,10.0,2.25,5.0,2.25,1.75,2.0,1.0,0.0,2.5,3.75,4.0,7.75,9.5,10.0,10.0,0.0,9.5,0.0,0.0,0.0,0.0,0.0,0.0,0.0,0.0,0.0,0.0,0.0,0.0,0.0,0.0,0.0,0.0,0.0,0.0,0.0,0.0,0.0,0.0,0.0,0.0,0.0,0.0,0.0,0.0
0.0,0.0,0.0,0.0,0.0,0.0,12.5,0.0,0.0,12.0,0.0,0.0,8.333333333333334,8.333333333333334,0.0,0.0,0.0,2.5,5.0,9.5,10.0,3.5,2.0,5.0,6.0,5.5,1.5,1.375,5.0,5.5,3.25,2.6666666666666665,0.0,0.0,0.0,0.0,0.0,0.0,0.0,0.0,0.0,0.0,0.0,0.0,0.0,0.0,0.0,0.0,0.0,0.0,0.0,0.0,0.0,0.0,0.0,0.0,0.0,0.0,0.0,0.0,0.0,0.0,0.0,0.0,0.0,0.0
0.0,0.0,0.0,0.0,0.0,0.0,0.0,0.0,0.0,12.25,0.0,0.0,11.75,0.0,11.75,12.75,13.0,1.5,2.5,2.5,2.5,3.0,5.0,6.0,6.0,6.0,0.75,-2.25,2.25,3.25,0.0,0.0,0.0,0.0,0.0,0.0,0.0,0.0,0.0,0.0,0.0,0.0,0.0,0.0,0.0,0.0,0.0,0.0,0.0,0.0,0.0,0.0,0.0,0.0,0.0,0.0,0.0,0.0,0.0,0.0,0.0,0.0,0.0,0.0,0.0,0.0
0.0,0.0,0.0,0.0,0.0,0.0,0.0,0.0,0.0,12.25,0.0,0.0,0.0,0.0,0.0,12.75,13.0,2.5,1.75,0.0,2.5,5.0,6.0,3.5,3.5,-1.25,-6.75,0.0,-3.75,0.0,0.0,0.0,0.0,0.0,0.0,0.0,0.0,0.0,0.0,0.0,0.0,0.0,0.0,0.0,0.0,0.0,0.0,0.0,0.0,0.0,0.0,0.0,0.0,0.0,0.0,0.0,0.0,0.0,0.0,0.0,0.0,0.0,0.0,0.0,0.0,0.0
