0.0,0.0,0.0,0.0,0.0,0.0,0.0,0.0,0.0,0.0,0.0,0.0,0.0,0.0,0.0,0.0,0.0,0.0,0.0,0.0,0.0,0.0,0.0,0.0,0.0,0.0,0.0,0.0,0.0,0.0,0.0,0.0,0.0,0.0,0.0,0.0,0.0,0.0,0.0,0.0,0.0,0.0,0.0,0.0,0.0,0.0,0.0,0.0,0.0,0.0,0.0,0.0,0.0,0.0,0.0,0.0,0.0,0.0,0.0,0.0,0.0,0.0,0.0,0.0,0.0,0.0
0.0,0.0,0.0,0.0,0.0,0.0,0.0,0.0,0.0,0.0,0.0,0.0,0.0,0.0,0.0,0.0,0.0,0.0,0.0,0.0,0.0,0.0,0.0,0.0,0.0,0.0,0.0,0.0,0.0,0.0,0.0,0.0,0.0,0.0,0.0,0.0,0.0,0.0,0.0,0.0,0.0,0.0,0.0,0.0,0.0,18.428571428571427,19.333333333333332,0.0,0.0,0.0,0.0,0.0,0.0,0.0,0.0,0.0,0.0,0.0,0.0,0.0,0.0,0.0,0.0,0.0,0.0,0.0
0.0,0.0,0.0,0.0,0.0,0.0,0.0,0.0,0.0,0.0,0.0,0.0,0.0,0.0,0.0,0.0,0.0,0.0,0.0,0.0,0.0,0.0,0.0,0.0,0.0,0.0,0.0,0.0,0.0,0.0,0.0,0.0,0.0,0.0,0.0,0.0,0.0,0.0,0.0,0.0,0.0,15.444444444444445,14.3,16.11111111111111,12.727272727272727,15.11111111111111,14.555555555555555,14.555555555555555,0.0,0.0,0.0,0.0,0.0,0.0,0.0,0.0,0.0,0.0,0.0,0.0,0.0,0.0,0.0,0.0,0.0,0.0
0.0,0.0,0.0,0.0,0.0,0.0,0.0,0.0,0.0,0.0,0.0,0.0,0.0,0.0,0.0,0.0,0.0,0.0,0.0,0.0,0.0,0.0,0.0,0.0,0.0,0.0,0.0,0.0,0.0,0.0,0.0,0.0,0.0,0.0,0.0,0.0,0.0,0.0,0.0,0.0,15.555555555555555,14.6,14.8,15.0,15.1,12.166666666666666,12.0,13.272727272727273,15.555555555555555,0.0,0.0,0.0,0.0,0.0,0.0,0.0,0.0,0.0,0.0,0.0,0.0,0.0,0.0,0.0,0.0,0.0
0.0,0.0,0.0,0.0,0.0,0.0,0.0,0.0,0.0,0.0,0.0,0.0,0.0,0.0,0.0,0.0,0.0,0.0,0.0,0.0,0.0,0.0,0.0,0.0,0.0,0.0,0.0,0.0,0.0,0.0,0.0,0.0,0.0,0.0,0.0,0.0,0.0,0.0,0.0,0.0,18.142857142857142,14.4,13.909090909090908,13.909090909090908,12.916666666666666,13.545454545454545,15.2,14.7,14.1,13.7,19.428571428571427,0.0,0.0,0.0,0.0,0.0,0.0,0.0,0.0,0.0,0.0,0.0,0.0,0.0,0.0,0.0
0.0,0.0,0.0,0.0,0.0,0.0,0.0,0.0,0.0,0.0,0.0,0.0,0.0,0.0,0.0,0.0,0.0,0.0,0.0,0.0,0.0,0.0,0.0,0.0,0.0,0.0,0.0,0.0,0.0,0.0,0.0,0.0,0.0,0.0,0.0,0.0,0.0,0.0,0.0,24.2,21.833333333333332,12.181818181818182,17.11111111111111,15.1,14.0,13.166666666666666,13.454545454545455,13.090909090909092,14.88888888888889,18.571428571428573,19.285714285714285,19.857142857142858,0.0,0.0,0.0,0.0,0.0,0.0,0.0,0.0,0.0,0.0,0.0,0.0,0.0,0.0
0.0,0.0,0.0,0.0,0.0,0.0,0.0,0.0,0.0,0.0,0.0,0.0,0.0,0.0,0.0,0.0,0.0,0.0,0.0,0.0,0.0,0.0,0.0,0.0,0.0,0.0,0.0,0.0,0.0,0.0,0.0,0.0,0.0,0.0,0.0,0.0,0.0,0.0,0.0,25.4,12.7,14.777777777777779,14.2,15.0,15.0,14.6,14.4,15.444444444444445,13.7,15.333333333333334,18.571428571428573,17.375,0.0,0.0,0.0,0.0,0.0,0.0,0.0,0.0,0.0,0.0,0.0,0.0,0.0,0.0
0.0,0.0,0.0,0.0,0.0,0.0,0.0,0.0,0.0,0.0,0.0,0.0,0.0,0.0,0.0,0.0,0.0,0.0,0.0,0.0,0.0,0.0,0.0,0.0,0.0,0.0,0.0,0.0,0.0,0.0,0.0,0.0,0.0,0.0,0.0,0.0,0.0,0.0,0.0,21.5,20.0,12.363636363636363,17.625,18.0,15.6,14.7,14.6,15.333333333333334,13.8,13.9,16.625,16.75,0.0,0.0,0.0,0.0,0.0,0.0,0.0,0.0,0.0,0.0,0.0,0.0,0.0,0.0
0.0,0.0,0.0,0.0,0.0,0.0,0.0,0.0,0.0,0.0,0.0,0.0,0.0,0.0,0.0,0.0,0.0,0.0,0.0,0.0,10.11111111111111,17.09090909090909,0.0,0.0,0.0,0.0,0.0,0.0,0.0,0.0,0.0,0.0,0.0,0.0,0.0,0.0,0.0,0.0,21.142857142857142,20.142857142857142,15.333333333333334,15.555555555555555,14.0,15.555555555555555,14.0,14.3,13.9,15.11111111111111,14.666666666666666,13.6,15.777777777777779,17.375,0.0,0.0,0.0,0.0,0.0,0.0,0.0,0.0,0.0,0.0,0.0,0.0,0.0,0.0
0.0,0.0,0.0,0.0,0.0,0.0,0.0,0.0,0.0,0.0,0.0,0.0,0.0,0.0,0.0,0.0,0.0,0.0,0.0,15.666666666666666,15.0,20.88888888888889,0.0,0.0,0.0,0.0,0.0,0.0,0.0,0.0,0.0,0.0,0.0,0.0,0.0,0.0,0.0,0.0,17.666666666666668,17.444444444444443,14.8,18.125,18.25,15.777777777777779,15.555555555555555,13.7,13.3,14.0,13.9,14.2,15.555555555555555,0.0,0.0,0.0,0.0,0.0,0.0,0.0,0.0,0.0,0.0,0.0,0.0,0.0,0.0,0.0
0.0,0.0,0.0,0.0,0.0,0.0,0.0,0.0,0.0,0.0,0.0,0.0,0.0,0.0,0.0,0.0,0.0,0.0,15.416666666666666,0.0,19.22222222222222,23.125,27.571428571428573,0.0,0.0,0.0,0.0,0.0,0.0,0.0,0.0,0.0,0.0,0.0,0.0,0.0,0.0,0.0,18.333333333333332,17.77777777777778,17.88888888888889,17.22222222222222,16.444444444444443,16.22222222222222,15.88888888888889,15.444444444444445,15.444444444444445,14.1,14.5,11.75,14.8,0.0,0.0,0.0,0.0,0.0,0.0,0.0,0.0,0.0,0.0,0.0,0.0,0.0,0.0,0.0
0.0,0.0,0.0,0.0,0.0,0.0,0.0,0.0,0.0,0.0,0.0,0.0,0.0,0.0,0.0,0.0,0.0,0.0,11.533333333333333,17.333333333333332,19.22222222222222,23.625,23.375,0.0,0.0,0.0,0.0,0.0,0.0,0.0,0.0,0.0,0.0,0.0,0.0,0.0,0.0,0.0,18.444444444444443,20.375,18.333333333333332,14.818181818181818,13.083333333333334,15.0,15.88888888888889,15.777777777777779,12.416666666666666,13.545454545454545,13.363636363636363,13.090909090909092,13.909090909090908,0.0,0.0,0.0,0.0,0.0,0.0,0.0,0.0,0.0,0.0,0.0,0.0,0.0,0.0,0.0
0.0,0.0,0.0,0.0,0.0,0.0,0.0,0.0,0.0,0.0,0.0,0.0,0.0,0.0,0.0,0.0,0.0,0.0,17.88888888888889,18.666666666666668,22.5,24.125,30.333333333333332,22.25,0.0,0.0,0.0,0.0,0.0,0.0,0.0,0.0,0.0,0.0,0.0,0.0,0.0,0.0,20.75,24.0,18.555555555555557,15.454545454545455,17.88888888888889,14.272727272727273,14.8,15.333333333333334,12.5,10.714285714285714,13.9,13.363636363636363,13.363636363636363,0.0,0.0,0.0,0.0,0.0,0.0,0.0,0.0,0.0,0.0,0.0,0.0,0.0,0.0,0.0
0.0,0.0,0.0,0.0,0.0,0.0,0.0,0.0,0.0,0.0,0.0,0.0,0.0,0.0,0.0,0.0,0.0,0.0,0.0,0.0,20.666666666666668,27.142857142857142,26.571428571428573,22.5,0.0,0.0,0.0,0.0,0.0,0.0,0.0,0.0,0.0,0.0,0.0,0.0,0.0,0.0,20.75,23.857142857142858,18.88888888888889,21.5,20.5,13.5,15.444444444444445,13.090909090909092,13.909090909090908,22.571428571428573,13.090909090909092,0.0,0.0,0.0,0.0,0.0,0.0,0.0,0.0,0.0,0.0,0.0,0.0,0.0,0.0,0.0,0.0,0.0
0.0,0.0,0.0,0.0,0.0,0.0,0.0,0.0,0.0,0.0,0.0,0.0,0.0,0.0,0.0,0.0,0.0,0.0,0.0,0.0,27.714285714285715,32.5,27.571428571428573,23.375,22.125,0.0,0.0,0.0,0.0,0.0,24.857142857142858,0.0,0.0,0.0,0.0,0.0,22.875,24.714285714285715,21.375,21.25,19.11111111111111,17.3,15.636363636363637,14.727272727272727,14.909090909090908,11.846153846153847,13.727272727272727,14.090909090909092,13.636363636363637,15.7,0.0,0.0,0.0,0.0,0.0,0.0,0.0,0.0,0.0,0.0,0.0,0.0,0.0,0.0,0.0,0.0
0.0,0.0,0.0,0.0,0.0,0.0,0.0,0.0,0.0,0.0,0.0,0.0,0.0,0.0,0.0,0.0,0.0,0.0,0.0,0.0,0.0,28.142857142857142,24.375,20.88888888888889,20.666666666666668,30.166666666666668,0.0,0.0,0.0,0.0,30.5,29.166666666666668,0.0,0.0,0.0,18.8,18.6,25.0,19.11111111111111,17.5,19.22222222222222,15.818181818181818,17.88888888888889,16.6,15.363636363636363,16.8,12.461538461538462,14.454545454545455,12.833333333333334,16.1,0.0,0.0,0.0,0.0,0.0,0.0,0.0,0.0,0.0,0.0,0.0,0.0,0.0,0.0,0.0,0.0
0.0,0.0,0.0,0.0,0.0,0.0,0.0,0.0,0.0,0.0,0.0,0.0,0.0,0.0,0.0,0.0,0.0,0.0,0.0,0.0,0.0,0.0,24.875,19.5,19.0,23.625,24.714285714285715,24.428571428571427,34.4,29.666666666666668,29.333333333333332,29.5,18.4,23.25,0.0,17.363636363636363,20.22222222222222,16.545454545454547,18.3,19.666666666666668,19.0,16.9,17.77777777777778,16.7,16.09090909090909,16.9,15.0,15.636363636363637,15.454545454545455,18.666666666666668,0.0,0.0,0.0,0.0,0.0,0.0,0.0,0.0,0.0,0.0,0.0,0.0,0.0,0.0,0.0,0.0
0.0,0.0,0.0,0.0,0.0,0.0,0.0,0.0,0.0,0.0,0.0,0.0,0.0,0.0,0.0,0.0,0.0,0.0,0.0,0.0,0.0,0.0,0.0,19.1,16.583333333333332,21.77777777777778,22.625,35.6,29.166666666666668,43.25,22.125,30.5,31.833333333333332,21.333333333333332,18.9,18.8,14.307692307692308,15.333333333333334,16.454545454545453,17.0,18.666666666666668,15.545454545454545,15.363636363636363,13.692307692307692,14.583333333333334,19.555555555555557,18.77777777777778,19.88888888888889,21.75,0.0,0.0,0.0,0.0,0.0,0.0,0.0,0.0,0.0,0.0,0.0,0.0,0.0,0.0,0.0,0.0,0.0
0.0,0.0,0.0,0.0,0.0,0.0,0.0,0.0,0.0,0.0,0.0,0.0,0.0,0.0,0.0,0.0,0.0,0.0,0.0,0.0,0.0,0.0,0.0,0.0,0.0,18.363636363636363,24.625,27.285714285714285,22.625,30.333333333333332,32.5,27.714285714285715,27.857142857142858,21.444444444444443,19.2,18.7,17.272727272727273,14.076923076923077,15.727272727272727,17.1,14.0,15.0,15.272727272727273,13.538461538461538,14.307692307692308,14.076923076923077,15.909090909090908,19.0,17.1,0.0,0.0,0.0,0.0,0.0,0.0,0.0,0.0,0.0,0.0,0.0,0.0,0.0,0.0,0.0,0.0,0.0
0.0,0.0,0.0,0.0,0.0,0.0,0.0,0.0,0.0,0.0,0.0,0.0,0.0,0.0,0.0,0.0,0.0,0.0,0.0,0.0,0.0,0.0,0.0,0.0,0.0,0.0,19.9,26.571428571428573,21.333333333333332,23.25,27.571428571428573,32.666666666666664,24.0,21.22222222222222,23.5,21.333333333333332,15.416666666666666,11.533333333333333,13.076923076923077,14.333333333333334,13.416666666666666,14.272727272727273,12.923076923076923,14.833333333333334,14.307692307692308,15.166666666666666,17.4,17.8,20.22222222222222,20.0,0.0,0.0,0.0,0.0,0.0,0.0,0.0,0.0,0.0,0.0,0.0,0.0,0.0,0.0,0.0,0.0
0.0,0.0,0.0,0.0,0.0,0.0,0.0,0.0,0.0,0.0,0.0,0.0,0.0,0.0,0.0,0.0,0.0,0.0,0.0,0.0,0.0,0.0,0.0,0.0,0.0,0.0,0.0,24.375,27.285714285714285,24.0,24.5,22.0,21.555555555555557,21.333333333333332,24.125,21.0,17.3,13.166666666666666,13.333333333333334,14.909090909090908,11.571428571428571,12.384615384615385,12.923076923076923,13.384615384615385,12.714285714285714,13.461538461538462,17.4,19.666666666666668,21.375,18.1,0.0,0.0,0.0,0.0,0.0,0.0,0.0,0.0,0.0,0.0,0.0,0.0,0.0,0.0,0.0,0.0
0.0,0.0,0.0,0.0,0.0,0.0,0.0,0.0,0.0,0.0,0.0,0.0,0.0,0.0,0.0,0.0,0.0,0.0,0.0,0.0,0.0,0.0,0.0,0.0,0.0,0.0,0.0,19.0,31.5,23.875,21.444444444444443,20.7,18.0,21.444444444444443,24.375,20.0,17.88888888888889,15.0,16.9,12.153846153846153,12.666666666666666,12.916666666666666,9.875,11.2,12.0,14.583333333333334,15.181818181818182,20.75,20.25,20.125,0.0,0.0,0.0,0.0,0.0,0.0,0.0,0.0,0.0,0.0,0.0,0.0,0.0,0.0,0.0,0.0
0.0,0.0,0.0,0.0,0.0,0.0,0.0,0.0,0.0,0.0,0.0,0.0,0.0,0.0,0.0,0.0,0.0,0.0,0.0,0.0,0.0,0.0,0.0,0.0,0.0,0.0,0.0,0.0,22.5,22.875,27.0,22.0,20.0,14.571428571428571,12.857142857142858,15.818181818181818,17.5,18.666666666666668,18.11111111111111,14.181818181818182,14.454545454545455,11.571428571428571,15.545454545454545,20.0,18.1,12.846153846153847,16.6,18.88888888888889,21.375,27.5,32.8,23.428571428571427,0.0,0.0,0.0,0.0,0.0,0.0,0.0,0.0,0.0,0.0,0.0,0.0,0.0,0.0
0.0,0.0,0.0,0.0,0.0,0.0,0.0,0.0,0.0,0.0,0.0,0.0,0.0,0.0,0.0,0.0,0.0,0.0,0.0,0.0,0.0,0.0,0.0,0.0,0.0,0.0,0.0,0.0,0.0,35.6,38.8,37.2,26.285714285714285,20.555555555555557,16.727272727272727,19.77777777777778,25.0,19.11111111111111,18.555555555555557,17.11111111111111,12.384615384615385,13.076923076923077,12.785714285714286,20.333333333333332,19.444444444444443,15.727272727272727,18.0,18.22222222222222,18.88888888888889,18.77777777777778,24.142857142857142,24.714285714285715,19.555555555555557,0.0,0.0,0.0,0.0,0.0,0.0,0.0,0.0,0.0,0.0,0.0,0.0,0.0
0.0,0.0,0.0,0.0,0.0,0.0,0.0,0.0,0.0,0.0,0.0,0.0,0.0,0.0,0.0,0.0,0.0,0.0,0.0,0.0,0.0,0.0,0.0,0.0,0.0,0.0,0.0,0.0,0.0,30.333333333333332,24.625,31.833333333333332,31.833333333333332,37.4,22.75,22.25,21.75,24.428571428571427,16.9,11.5,12.142857142857142,16.666666666666668,20.0,17.6,18.444444444444443,18.375,16.77777777777778,16.5,16.9,21.125,19.666666666666668,22.0,19.333333333333332,22.0,0.0,0.0,0.0,0.0,0.0,0.0,0.0,0.0,0.0,0.0,0.0,0.0
0.0,0.0,0.0,0.0,0.0,0.0,0.0,0.0,0.0,0.0,0.0,0.0,0.0,0.0,0.0,0.0,0.0,0.0,0.0,0.0,0.0,0.0,0.0,0.0,0.0,0.0,0.0,0.0,35.8,30.0,31.833333333333332,31.833333333333332,38.6,27.285714285714285,30.666666666666668,22.25,21.625,16.8,14.25,13.384615384615385,12.357142857142858,14.0,15.0,13.23076923076923,18.333333333333332,16.11111111111111,15.5,16.6,15.0,17.8,18.0,19.555555555555557,24.428571428571427,18.555555555555557,0.0,0.0,0.0,0.0,0.0,0.0,0.0,0.0,0.0,0.0,0.0,0.0
0.0,0.0,0.0,0.0,0.0,0.0,0.0,0.0,0.0,0.0,0.0,0.0,0.0,0.0,0.0,0.0,0.0,0.0,0.0,0.0,0.0,0.0,0.0,0.0,0.0,0.0,0.0,0.0,29.833333333333332,26.428571428571427,32.0,37.4,38.0,32.0,26.714285714285715,20.444444444444443,17.8,12.571428571428571,11.1875,10.222222222222221,10.0,11.0625,10.6875,10.375,11.461538461538462,11.0,13.5,11.357142857142858,17.4,18.2,21.0,26.428571428571427,23.285714285714285,17.555555555555557,15.454545454545455,0.0,0.0,0.0,0.0,0.0,0.0,0.0,0.0,0.0,0.0,0.0
0.0,0.0,0.0,0.0,0.0,0.0,0.0,0.0,0.0,0.0,0.0,0.0,0.0,0.0,0.0,0.0,0.0,0.0,0.0,0.0,0.0,0.0,0.0,0.0,0.0,0.0,0.0,0.0,29.666666666666668,29.5,26.0,30.666666666666668,22.875,24.5,17.181818181818183,16.636363636363637,12.857142857142858,8.25,11.1875,10.882352941176471,12.133333333333333,12.357142857142858,11.6,14.909090909090908,14.454545454545455,14.909090909090908,16.2,15.0,21.875,20.666666666666668,13.142857142857142,23.25,22.625,19.444444444444443,19.555555555555557,18.8,0.0,0.0,0.0,0.0,0.0,0.0,0.0,0.0,0.0,0.0
0.0,0.0,0.0,0.0,0.0,0.0,0.0,0.0,0.0,0.0,0.0,0.0,0.0,0.0,0.0,0.0,0.0,0.0,0.0,0.0,0.0,0.0,0.0,0.0,0.0,0.0,0.0,0.0,27.666666666666668,23.0,20.375,18.22222222222222,18.5,20.555555555555557,23.5,18.3,9.833333333333334,8.947368421052632,9.555555555555555,10.8125,10.294117647058824,10.25,12.0,14.090909090909092,14.272727272727273,15.727272727272727,14.416666666666666,16.09090909090909,20.0,19.555555555555557,20.77777777777778,20.444444444444443,31.666666666666668,25.714285714285715,23.25,27.285714285714285,0.0,0.0,0.0,0.0,0.0,0.0,0.0,0.0,0.0,0.0
0.0,0.0,0.0,0.0,0.0,0.0,0.0,0.0,0.0,0.0,0.0,0.0,0.0,0.0,0.0,0.0,0.0,0.0,0.0,0.0,0.0,0.0,0.0,0.0,0.0,0.0,0.0,0.0,16.2,19.5,19.625,18.444444444444443,16.363636363636363,26.428571428571427,21.11111111111111,13.214285714285714,9.823529411764707,9.5,9.61111111111111,9.444444444444445,10.0,8.894736842105264,11.538461538461538,12.666666666666666,12.538461538461538,13.307692307692308,15.909090909090908,13.75,19.77777777777778,20.11111111111111,19.444444444444443,22.5,25.428571428571427,21.125,22.625,0.0,0.0,0.0,0.0,0.0,0.0,0.0,0.0,0.0,0.0,0.0
0.0,0.0,0.0,0.0,0.0,0.0,0.0,0.0,0.0,0.0,0.0,0.0,0.0,0.0,0.0,0.0,0.0,0.0,0.0,0.0,0.0,0.0,0.0,0.0,0.0,0.0,0.0,0.0,0.0,14.272727272727273,18.11111111111111,20.125,17.8,14.384615384615385,11.866666666666667,10.8125,9.705882352941176,9.75,8.68421052631579,9.263157894736842,9.263157894736842,9.9375,10.857142857142858,11.5,12.692307692307692,12.285714285714286,14.416666666666666,10.6875,14.083333333333334,15.727272727272727,17.0,21.625,16.7,20.25,16.8,0.0,0.0,0.0,0.0,0.0,0.0,0.0,0.0,0.0,0.0,0.0
0.0,0.0,0.0,0.0,0.0,0.0,0.0,0.0,0.0,0.0,0.0,0.0,0.0,0.0,0.0,0.0,0.0,0.0,0.0,0.0,0.0,0.0,0.0,0.0,0.0,0.0,0.0,0.0,0.0,16.6,19.5,18.75,12.5,13.384615384615385,11.666666666666666,11.466666666666667,12.142857142857142,9.705882352941176,11.333333333333334,9.777777777777779,9.61111111111111,10.733333333333333,11.923076923076923,10.1875,13.0,13.833333333333334,14.0,13.384615384615385,11.785714285714286,16.4,16.9,15.181818181818182,15.6,14.181818181818182,0.0,0.0,0.0,0.0,0.0,0.0,0.0,0.0,0.0,0.0,0.0,0.0
0.0,0.0,0.0,0.0,0.0,0.0,0.0,0.0,0.0,0.0,0.0,0.0,0.0,0.0,0.0,0.0,0.0,0.0,0.0,0.0,0.0,0.0,0.0,0.0,0.0,0.0,0.0,0.0,14.333333333333334,13.916666666666666,12.0,13.75,14.75,12.785714285714286,10.705882352941176,10.411764705882353,10.8125,13.384615384615385,11.733333333333333,11.6,10.625,11.214285714285714,11.923076923076923,12.23076923076923,12.666666666666666,12.5,15.090909090909092,15.727272727272727,13.0,15.545454545454545,18.88888888888889,15.4,15.5,15.4,0.0,0.0,0.0,0.0,0.0,0.0,0.0,0.0,0.0,0.0,0.0,0.0
0.0,0.0,0.0,0.0,0.0,0.0,0.0,0.0,0.0,0.0,0.0,0.0,0.0,0.0,0.0,0.0,0.0,0.0,0.0,0.0,0.0,0.0,0.0,0.0,0.0,0.0,0.0,0.0,17.0,12.6,11.0625,12.857142857142858,15.0,15.083333333333334,10.470588235294118,10.647058823529411,11.5625,11.4375,13.615384615384615,11.6,10.5625,9.705882352941176,10.5,11.214285714285714,13.8,13.7,13.909090909090908,14.166666666666666,14.166666666666666,14.75,14.916666666666666,13.25,13.909090909090908,0.0,0.0,0.0,0.0,0.0,0.0,0.0,0.0,0.0,0.0,0.0,0.0,0.0
0.0,0.0,0.0,0.0,0.0,0.0,0.0,0.0,0.0,0.0,0.0,0.0,0.0,0.0,0.0,0.0,0.0,0.0,0.0,0.0,0.0,0.0,0.0,0.0,0.0,0.0,0.0,0.0,0.0,14.76923076923077,15.333333333333334,16.454545454545453,12.785714285714286,12.214285714285714,13.071428571428571,12.928571428571429,11.4375,12.533333333333333,11.933333333333334,11.6,13.076923076923077,11.066666666666666,11.714285714285714,13.083333333333334,9.714285714285714,11.818181818181818,13.363636363636363,15.8,14.25,16.0,16.454545454545453,16.5,18.0,0.0,0.0,0.0,0.0,0.0,0.0,0.0,0.0,0.0,0.0,0.0,0.0,0.0
0.0,0.0,0.0,0.0,0.0,0.0,0.0,0.0,0.0,0.0,0.0,0.0,0.0,0.0,0.0,0.0,0.0,0.0,0.0,0.0,0.0,0.0,0.0,0.0,0.0,0.0,0.0,0.0,0.0,17.272727272727273,15.0,12.866666666666667,13.214285714285714,25.375,14.214285714285714,14.928571428571429,12.5,12.4,11.3125,10.11111111111111,11.4,12.846153846153847,13.5,14.090909090909092,12.727272727272727,10.923076923076923,19.875,16.6,19.333333333333332,17.8,19.666666666666668,13.23076923076923,0.0,0.0,0.0,0.0,0.0,0.0,0.0,0.0,0.0,0.0,0.0,0.0,0.0,0.0
0.0,0.0,0.0,0.0,0.0,0.0,0.0,0.0,0.0,0.0,0.0,0.0,0.0,0.0,0.0,0.0,0.0,0.0,0.0,0.0,0.0,0.0,0.0,0.0,0.0,0.0,0.0,0.0,0.0,0.0,15.666666666666666,11.222222222222221,29.571428571428573,28.142857142857142,18.25,17.75,13.1875,11.764705882352942,9.3,12.733333333333333,14.0,12.071428571428571,11.642857142857142,14.363636363636363,12.833333333333334,11.428571428571429,13.666666666666666,19.22222222222222,18.0,19.444444444444443,21.5,16.0,0.0,0.0,0.0,0.0,0.0,0.0,0.0,0.0,0.0,0.0,0.0,0.0,0.0,0.0
0.0,0.0,0.0,0.0,0.0,0.0,0.0,0.0,0.0,0.0,0.0,0.0,0.0,0.0,0.0,0.0,0.0,0.0,0.0,0.0,0.0,0.0,0.0,0.0,0.0,0.0,0.0,0.0,0.0,13.461538461538462,13.846153846153847,13.714285714285714,13.466666666666667,19.90909090909091,15.0,16.46153846153846,14.266666666666667,11.222222222222221,10.210526315789474,11.6875,12.5,13.461538461538462,11.333333333333334,14.909090909090908,12.076923076923077,12.428571428571429,13.692307692307692,15.272727272727273,16.8,21.125,25.0,15.363636363636363,14.0,0.0,0.0,0.0,0.0,0.0,0.0,0.0,0.0,0.0,0.0,0.0,0.0,0.0
0.0,0.0,0.0,0.0,0.0,0.0,0.0,0.0,0.0,0.0,0.0,0.0,0.0,0.0,0.0,0.0,0.0,0.0,0.0,0.0,0.0,0.0,0.0,0.0,0.0,0.0,0.0,0.0,0.0,13.642857142857142,12.333333333333334,20.0,18.0,17.0,15.0,15.5,12.705882352941176,11.666666666666666,10.333333333333334,12.066666666666666,11.6,13.666666666666666,12.692307692307692,12.461538461538462,9.055555555555555,13.0,16.818181818181817,14.666666666666666,19.11111111111111,21.125,18.444444444444443,17.88888888888889,18.11111111111111,0.0,0.0,0.0,0.0,0.0,0.0,0.0,0.0,0.0,0.0,0.0,0.0,0.0
0.0,0.0,0.0,0.0,0.0,0.0,0.0,0.0,0.0,0.0,0.0,0.0,0.0,0.0,0.0,0.0,0.0,0.0,0.0,0.0,0.0,0.0,0.0,0.0,0.0,0.0,0.0,0.0,0.0,13.428571428571429,11.875,14.846153846153847,21.333333333333332,18.181818181818183,18.0,16.384615384615383,11.722222222222221,13.2,13.428571428571429,10.8125,11.6,10.6,14.909090909090908,14.636363636363637,12.357142857142858,14.384615384615385,13.0,17.333333333333332,16.636363636363637,15.909090909090908,13.153846153846153,15.363636363636363,19.625,22.571428571428573,0.0,0.0,0.0,0.0,0.0,0.0,0.0,0.0,0.0,0.0,0.0,0.0
0.0,0.0,0.0,0.0,0.0,0.0,0.0,0.0,0.0,0.0,0.0,0.0,0.0,0.0,0.0,0.0,0.0,0.0,0.0,0.0,0.0,0.0,0.0,0.0,0.0,0.0,0.0,0.0,7.625,9.555555555555555,9.421052631578947,12.1875,14.461538461538462,15.615384615384615,15.76923076923077,15.142857142857142,15.923076923076923,11.294117647058824,12.2,9.0,11.125,12.428571428571429,14.25,13.0,14.0,14.285714285714286,18.818181818181817,16.416666666666668,18.7,13.214285714285714,13.923076923076923,12.642857142857142,17.88888888888889,13.909090909090908,14.181818181818182,0.0,0.0,0.0,0.0,0.0,0.0,0.0,0.0,0.0,0.0,0.0
0.0,0.0,0.0,0.0,0.0,0.0,0.0,0.0,0.0,0.0,0.0,0.0,0.0,0.0,0.0,0.0,0.0,0.0,0.0,0.0,0.0,0.0,0.0,0.0,0.0,0.0,0.0,0.0,6.2,7.045454545454546,6.0,9.31578947368421,11.470588235294118,9.571428571428571,14.0,17.09090909090909,15.416666666666666,13.923076923076923,12.0,11.642857142857142,11.866666666666667,12.76923076923077,15.7,16.0,14.1,16.7,14.583333333333334,17.727272727272727,24.0,15.916666666666666,14.538461538461538,16.272727272727273,12.071428571428571,12.75,15.090909090909092,0.0,0.0,0.0,0.0,0.0,0.0,0.0,0.0,0.0,0.0,0.0
0.0,0.0,0.0,0.0,0.0,0.0,0.0,0.0,0.0,0.0,0.0,0.0,0.0,0.0,0.0,0.0,0.0,0.0,0.0,0.0,0.0,0.0,0.0,0.0,0.0,0.0,0.0,0.0,6.409090909090909,6.0,6.590909090909091,8.1,9.777777777777779,13.571428571428571,13.538461538461538,13.384615384615385,18.3,19.666666666666668,17.9,15.727272727272727,13.538461538461538,12.461538461538462,20.857142857142858,17.875,12.909090909090908,16.5,13.538461538461538,18.3,15.666666666666666,14.384615384615385,14.153846153846153,15.666666666666666,13.142857142857142,11.333333333333334,16.9,0.0,0.0,0.0,0.0,0.0,0.0,0.0,0.0,0.0,0.0,0.0
0.0,0.0,0.0,0.0,0.0,0.0,0.0,0.0,0.0,0.0,0.0,0.0,0.0,0.0,0.0,0.0,0.0,0.0,0.0,0.0,0.0,0.0,0.0,0.0,0.0,0.0,0.0,0.0,9.0625,8.470588235294118,8.764705882352942,8.0,8.45,11.235294117647058,12.533333333333333,14.307692307692308,14.75,14.666666666666666,15.363636363636363,14.0,11.666666666666666,14.083333333333334,21.857142857142858,21.428571428571427,22.857142857142858,15.272727272727273,15.909090909090908,18.1,15.416666666666666,14.307692307692308,13.071428571428571,12.533333333333333,12.0,10.705882352941176,12.133333333333333,11.933333333333334,0.0,0.0,0.0,0.0,0.0,0.0,0.0,0.0,0.0,0.0
0.0,0.0,0.0,0.0,0.0,0.0,0.0,0.0,0.0,0.0,0.0,0.0,0.0,0.0,0.0,0.0,0.0,0.0,0.0,0.0,0.0,0.0,0.0,0.0,0.0,0.0,0.0,0.0,0.0,8.235294117647058,9.5625,7.8,9.176470588235293,11.866666666666667,12.5,13.76923076923077,15.0,15.727272727272727,16.6,16.9,16.181818181818183,18.1,23.0,22.375,20.75,18.666666666666668,13.23076923076923,16.0,13.76923076923077,10.705882352941176,10.294117647058824,11.933333333333334,12.714285714285714,12.133333333333333,13.142857142857142,12.8,0.0,0.0,0.0,0.0,0.0,0.0,0.0,0.0,0.0,0.0
0.0,0.0,0.0,0.0,0.0,0.0,0.0,0.0,0.0,0.0,0.0,0.0,0.0,0.0,0.0,0.0,0.0,0.0,0.0,0.0,0.0,0.0,0.0,0.0,0.0,0.0,0.0,0.0,0.0,10.615384615384615,10.266666666666667,7.045454545454546,9.764705882352942,10.875,9.0,10.875,14.333333333333334,15.545454545454545,15.454545454545455,18.3,18.1,20.11111111111111,20.11111111111111,18.2,17.3,19.0,15.454545454545455,14.0,13.333333333333334,11.571428571428571,9.235294117647058,12.76923076923077,13.307692307692308,12.0,11.705882352941176,12.5,11.647058823529411,0.0,0.0,0.0,0.0,0.0,0.0,0.0,0.0,0.0
0.0,0.0,0.0,0.0,0.0,0.0,0.0,0.0,0.0,0.0,0.0,0.0,0.0,0.0,0.0,0.0,0.0,0.0,0.0,0.0,0.0,0.0,0.0,0.0,0.0,0.0,0.0,0.0,0.0,0.0,7.888888888888889,7.05,7.0,8.368421052631579,9.0,9.125,11.846153846153847,13.666666666666666,14.583333333333334,18.1,22.75,19.666666666666668,18.2,18.2,15.545454545454545,12.0,12.0,15.454545454545455,15.363636363636363,11.928571428571429,13.076923076923077,15.25,14.583333333333334,13.133333333333333,12.4375,13.0625,13.266666666666667,0.0,0.0,0.0,0.0,0.0,0.0,0.0,0.0,0.0
0.0,0.0,0.0,0.0,0.0,0.0,0.0,0.0,0.0,0.0,0.0,0.0,0.0,0.0,0.0,0.0,0.0,0.0,0.0,0.0,0.0,0.0,0.0,0.0,0.0,0.0,0.0,0.0,0.0,0.0,6.421052631578948,7.111111111111111,6.695652173913044,6.6521739130434785,7.380952380952381,8.11111111111111,12.666666666666666,14.0,14.166666666666666,18.4,17.7,21.75,25.428571428571427,16.636363636363637,14.5,14.166666666666666,12.285714285714286,11.642857142857142,11.714285714285714,9.333333333333334,12.066666666666666,14.583333333333334,13.461538461538462,13.6,13.333333333333334,11.764705882352942,13.266666666666667,0.0,0.0,0.0,0.0,0.0,0.0,0.0,0.0,0.0
0.0,0.0,0.0,0.0,0.0,0.0,0.0,0.0,0.0,0.0,0.0,0.0,0.0,0.0,0.0,0.0,0.0,0.0,0.0,0.0,0.0,0.0,0.0,0.0,0.0,0.0,0.0,0.0,0.0,0.0,8.529411764705882,8.764705882352942,9.933333333333334,8.875,8.157894736842104,9.4375,8.5,11.846153846153847,14.636363636363637,15.909090909090908,18.0,21.75,22.875,16.545454545454547,11.571428571428571,10.933333333333334,11.125,12.461538461538462,11.066666666666666,9.705882352941176,9.631578947368421,12.333333333333334,12.714285714285714,13.928571428571429,12.4375,11.588235294117647,13.5,15.666666666666666,0.0,0.0,0.0,0.0,0.0,0.0,0.0,0.0
0.0,0.0,0.0,0.0,0.0,0.0,0.0,0.0,0.0,0.0,0.0,0.0,0.0,0.0,0.0,0.0,0.0,0.0,0.0,0.0,0.0,0.0,0.0,0.0,0.0,0.0,0.0,0.0,0.0,0.0,9.470588235294118,0.0,13.833333333333334,16.0,12.0,9.176470588235293,10.8,8.444444444444445,13.25,13.666666666666666,13.76923076923077,14.75,19.2,16.90909090909091,14.25,12.428571428571429,13.384615384615385,12.384615384615385,14.090909090909092,12.071428571428571,12.692307692307692,12.733333333333333,12.933333333333334,10.777777777777779,12.866666666666667,12.733333333333333,13.714285714285714,14.615384615384615,0.0,0.0,0.0,0.0,0.0,0.0,0.0,0.0
0.0,0.0,0.0,0.0,0.0,0.0,0.0,0.0,0.0,0.0,0.0,0.0,0.0,0.0,0.0,0.0,0.0,0.0,0.0,0.0,0.0,0.0,0.0,0.0,0.0,0.0,0.0,0.0,0.0,0.0,0.0,0.0,0.0,0.0,11.066666666666666,11.214285714285714,10.266666666666667,9.117647058823529,11.066666666666666,10.5,12.214285714285714,16.363636363636363,17.181818181818183,15.666666666666666,15.333333333333334,13.76923076923077,14.25,10.666666666666666,11.153846153846153,10.642857142857142,11.142857142857142,10.0,12.625,11.0,11.117647058823529,10.5,0.0,0.0,0.0,0.0,0.0,0.0,0.0,0.0,0.0,0.0
0.0,0.0,0.0,0.0,0.0,0.0,0.0,0.0,0.0,0.0,0.0,0.0,0.0,0.0,0.0,0.0,0.0,0.0,0.0,0.0,0.0,0.0,0.0,0.0,0.0,0.0,0.0,0.0,0.0,0.0,0.0,0.0,0.0,0.0,0.0,11.384615384615385,9.5,8.578947368421053,10.866666666666667,11.333333333333334,12.142857142857142,14.25,14.615384615384615,14.923076923076923,12.466666666666667,13.846153846153847,12.428571428571429,12.076923076923077,11.384615384615385,12.5,11.4,12.6875,11.555555555555555,14.0,8.695652173913043,8.608695652173912,0.0,0.0,0.0,0.0,0.0,0.0,0.0,0.0,0.0,0.0
0.0,0.0,0.0,0.0,0.0,0.0,0.0,0.0,0.0,0.0,0.0,0.0,0.0,0.0,0.0,0.0,0.0,0.0,0.0,0.0,0.0,0.0,0.0,0.0,0.0,0.0,0.0,0.0,0.0,0.0,0.0,0.0,0.0,0.0,0.0,12.727272727272727,8.444444444444445,9.117647058823529,10.0,10.8,10.866666666666667,11.666666666666666,15.76923076923077,14.857142857142858,13.928571428571429,12.4,12.642857142857142,12.76923076923077,13.416666666666666,13.416666666666666,12.0,15.285714285714286,15.538461538461538,12.666666666666666,15.916666666666666,11.5,0.0,0.0,0.0,0.0,0.0,0.0,0.0,0.0,0.0,0.0
0.0,0.0,0.0,0.0,0.0,0.0,0.0,0.0,0.0,0.0,0.0,0.0,0.0,0.0,0.0,0.0,0.0,0.0,0.0,0.0,0.0,0.0,0.0,0.0,0.0,0.0,0.0,0.0,0.0,0.0,0.0,0.0,0.0,0.0,0.0,8.764705882352942,6.782608695652174,13.0,11.307692307692308,10.857142857142858,10.4,10.25,14.928571428571429,14.2,12.058823529411764,10.210526315789474,9.1,9.210526315789474,9.833333333333334,9.263157894736842,10.68421052631579,11.944444444444445,16.153846153846153,14.285714285714286,13.214285714285714,13.133333333333333,0.0,0.0,0.0,0.0,0.0,0.0,0.0,0.0,0.0,0.0
0.0,0.0,0.0,0.0,0.0,0.0,0.0,0.0,0.0,0.0,0.0,0.0,0.0,0.0,0.0,0.0,0.0,0.0,0.0,0.0,0.0,0.0,0.0,0.0,0.0,0.0,0.0,0.0,0.0,0.0,0.0,0.0,0.0,0.0,0.0,7.5,7.7368421052631575,8.105263157894736,8.588235294117647,9.666666666666666,10.071428571428571,9.933333333333334,10.368421052631579,12.764705882352942,11.777777777777779,11.294117647058824,8.26086956521739,8.818181818181818,8.227272727272727,7.625,10.047619047619047,12.11111111111111,14.133333333333333,17.083333333333332,12.5,11.055555555555555,0.0,0.0,0.0,0.0,0.0,0.0,0.0,0.0,0.0,0.0
0.0,0.0,0.0,0.0,0.0,0.0,0.0,0.0,0.0,0.0,0.0,0.0,0.0,0.0,0.0,0.0,0.0,0.0,0.0,0.0,0.0,0.0,0.0,0.0,0.0,0.0,0.0,0.0,0.0,0.0,0.0,0.0,0.0,0.0,0.0,10.5,10.6,7.944444444444445,9.6,9.923076923076923,10.076923076923077,9.533333333333333,10.055555555555555,17.083333333333332,13.333333333333334,12.933333333333334,8.727272727272727,10.38888888888889,7.791666666666667,8.619047619047619,10.285714285714286,11.368421052631579,14.8,15.357142857142858,13.3125,11.210526315789474,12.764705882352942,0.0,0.0,0.0,0.0,0.0,0.0,0.0,0.0,0.0
0.0,0.0,0.0,0.0,0.0,0.0,0.0,0.0,0.0,0.0,0.0,0.0,0.0,0.0,0.0,0.0,0.0,0.0,0.0,0.0,0.0,0.0,0.0,0.0,0.0,0.0,0.0,0.0,0.0,0.0,0.0,0.0,7.9,9.210526315789474,0.0,9.625,10.125,9.6,10.076923076923077,12.6,10.818181818181818,10.76923076923077,7.7272727272727275,13.428571428571429,10.444444444444445,9.526315789473685,10.777777777777779,10.833333333333334,8.478260869565217,8.5,9.130434782608695,11.31578947368421,12.529411764705882,11.944444444444445,13.294117647058824,13.705882352941176,0.0,0.0,0.0,0.0,0.0,0.0,0.0,0.0,0.0,0.0
0.0,0.0,0.0,0.0,0.0,0.0,0.0,0.0,0.0,0.0,0.0,0.0,0.0,0.0,0.0,0.0,0.0,0.0,0.0,0.0,0.0,0.0,0.0,0.0,0.0,0.0,0.0,0.0,0.0,0.0,0.0,0.0,9.166666666666666,0.0,0.0,0.0,9.470588235294118,9.666666666666666,8.785714285714286,11.545454545454545,10.916666666666666,11.5,9.647058823529411,8.090909090909092,8.681818181818182,11.333333333333334,11.6,10.0,9.136363636363637,8.869565217391305,9.19047619047619,8.565217391304348,11.352941176470589,11.294117647058824,11.055555555555555,11.61111111111111,0.0,0.0,0.0,0.0,0.0,0.0,0.0,0.0,0.0,0.0
0.0,0.0,0.0,0.0,0.0,0.0,0.0,0.0,0.0,0.0,0.0,0.0,0.0,0.0,0.0,0.0,0.0,0.0,0.0,0.0,0.0,0.0,0.0,0.0,0.0,0.0,0.0,0.0,0.0,0.0,0.0,0.0,13.714285714285714,14.384615384615385,15.0,13.23076923076923,9.588235294117647,10.0,10.23076923076923,13.0,12.181818181818182,10.76923076923077,10.125,9.473684210526315,8.4,7.0,7.434782608695652,9.0,7.44,8.954545454545455,10.631578947368421,11.705882352941176,15.416666666666666,14.357142857142858,11.352941176470589,10.15,0.0,0.0,0.0,0.0,0.0,0.0,0.0,0.0,0.0,0.0
0.0,0.0,0.0,0.0,0.0,0.0,0.0,0.0,0.0,0.0,0.0,0.0,0.0,0.0,0.0,0.0,0.0,0.0,0.0,0.0,0.0,0.0,0.0,0.0,0.0,0.0,0.0,0.0,0.0,0.0,0.0,0.0,13.615384615384615,15.5,17.363636363636363,15.545454545454545,9.941176470588236,10.666666666666666,9.5,10.75,11.083333333333334,9.125,10.466666666666667,9.941176470588236,7.666666666666667,6.52,6.074074074074074,8.095238095238095,8.80952380952381,9.333333333333334,10.368421052631579,10.8125,14.076923076923077,11.466666666666667,11.666666666666666,8.9,12.5,14.571428571428571,0.0,0.0,0.0,0.0,0.0,0.0,0.0,0.0
0.0,0.0,0.0,0.0,0.0,0.0,0.0,0.0,0.0,0.0,0.0,0.0,0.0,0.0,0.0,0.0,0.0,0.0,0.0,0.0,0.0,0.0,0.0,0.0,0.0,0.0,0.0,0.0,0.0,0.0,0.0,15.666666666666666,13.923076923076923,15.583333333333334,17.2,13.384615384615385,14.25,13.153846153846153,8.38888888888889,8.166666666666666,9.6,11.615384615384615,9.176470588235293,9.166666666666666,7.136363636363637,6.88,6.615384615384615,7.478260869565218,9.555555555555555,9.2,7.571428571428571,8.722222222222221,11.642857142857142,14.25,11.466666666666667,10.75,10.444444444444445,11.235294117647058,0.0,0.0,0.0,0.0,0.0,0.0,0.0,0.0
0.0,0.0,0.0,0.0,0.0,0.0,0.0,0.0,0.0,0.0,0.0,0.0,0.0,0.0,0.0,0.0,0.0,0.0,0.0,0.0,0.0,0.0,0.0,0.0,0.0,0.0,0.0,0.0,0.0,0.0,18.0,15.833333333333334,13.571428571428571,21.0,14.666666666666666,14.083333333333334,15.272727272727273,19.555555555555557,11.6,10.0625,11.214285714285714,10.666666666666666,9.470588235294118,8.333333333333334,8.823529411764707,8.95,7.956521739130435,8.6,8.238095238095237,8.045454545454545,9.368421052631579,10.6875,9.588235294117647,12.76923076923077,8.3,7.904761904761905,7.857142857142857,7.260869565217392,0.0,0.0,0.0,0.0,0.0,0.0,0.0,0.0
0.0,0.0,0.0,0.0,0.0,0.0,0.0,0.0,0.0,0.0,0.0,0.0,0.0,0.0,0.0,0.0,0.0,0.0,0.0,0.0,0.0,0.0,0.0,0.0,0.0,0.0,0.0,0.0,0.0,0.0,16.833333333333332,17.181818181818183,16.90909090909091,16.545454545454547,17.4,14.25,13.538461538461538,10.647058823529411,14.153846153846153,13.583333333333334,13.333333333333334,11.692307692307692,9.866666666666667,11.133333333333333,12.0,11.375,9.947368421052632,7.038461538461538,6.269230769230769,6.37037037037037,7.739130434782608,9.0,7.894736842105263,7.65,8.473684210526315,8.380952380952381,8.238095238095237,9.052631578947368,0.0,0.0,0.0,0.0,0.0,0.0,0.0,0.0
0.0,0.0,0.0,0.0,0.0,0.0,0.0,0.0,0.0,0.0,0.0,0.0,0.0,0.0,0.0,0.0,0.0,0.0,0.0,0.0,0.0,0.0,0.0,0.0,0.0,0.0,0.0,0.0,0.0,11.117647058823529,17.545454545454547,16.25,16.0,18.3,15.0,14.916666666666666,14.333333333333334,12.4,13.461538461538462,10.6,9.647058823529411,11.923076923076923,10.533333333333333,11.857142857142858,14.76923076923077,10.444444444444445,12.375,8.166666666666666,6.206896551724138,6.592592592592593,6.384615384615385,8.380952380952381,8.238095238095237,9.61111111111111,11.5625,10.11111111111111,9.11111111111111,10.352941176470589,0.0,0.0,0.0,0.0,0.0,0.0,0.0,0.0
0.0,0.0,0.0,0.0,0.0,0.0,0.0,0.0,0.0,0.0,0.0,0.0,0.0,0.0,0.0,0.0,0.0,0.0,0.0,0.0,0.0,0.0,0.0,0.0,0.0,0.0,0.0,0.0,10.5,11.0625,13.214285714285714,16.75,19.7,17.90909090909091,17.727272727272727,16.583333333333332,12.0,11.8,10.529411764705882,9.166666666666666,10.0,12.142857142857142,10.866666666666667,18.3,15.416666666666666,11.882352941176471,11.705882352941176,9.136363636363637,11.38888888888889,8.304347826086957,9.045454545454545,6.777777777777778,7.708333333333333,9.722222222222221,9.526315789473685,9.263157894736842,11.2,9.222222222222221,11.153846153846153,0.0,0.0,0.0,0.0,0.0,0.0,0.0
0.0,0.0,0.0,0.0,0.0,0.0,0.0,0.0,0.0,0.0,0.0,0.0,0.0,0.0,0.0,0.0,0.0,0.0,0.0,0.0,0.0,0.0,0.0,0.0,0.0,0.0,0.0,10.8125,13.25,14.272727272727273,13.75,14.23076923076923,15.384615384615385,14.923076923076923,14.692307692307692,17.0,16.0,12.571428571428571,13.153846153846153,13.0,14.666666666666666,20.11111111111111,17.181818181818183,17.6,16.09090909090909,12.8,20.8,14.642857142857142,11.882352941176471,11.647058823529411,9.761904761904763,9.095238095238095,8.565217391304348,9.65,11.294117647058824,10.882352941176471,9.38888888888889,9.277777777777779,8.588235294117647,8.75,0.0,0.0,0.0,0.0,0.0,0.0
0.0,0.0,0.0,0.0,0.0,0.0,0.0,0.0,0.0,0.0,0.0,0.0,0.0,0.0,0.0,0.0,0.0,0.0,0.0,0.0,0.0,0.0,0.0,0.0,0.0,0.0,0.0,13.153846153846153,11.571428571428571,14.454545454545455,14.5,15.153846153846153,12.75,16.916666666666668,15.923076923076923,16.076923076923077,19.272727272727273,12.6,10.588235294117647,15.538461538461538,16.583333333333332,18.0,15.333333333333334,13.846153846153847,14.916666666666666,12.133333333333333,13.357142857142858,10.833333333333334,7.608695652173913,13.071428571428571,10.88888888888889,8.347826086956522,9.428571428571429,8.434782608695652,11.4375,11.588235294117647,10.555555555555555,10.733333333333333,8.666666666666666,8.052631578947368,7.9,0.0,0.0,0.0,0.0,0.0
0.0,0.0,0.0,0.0,0.0,0.0,0.0,0.0,0.0,0.0,0.0,0.0,0.0,0.0,0.0,0.0,0.0,0.0,0.0,0.0,0.0,0.0,0.0,0.0,0.0,12.058823529411764,12.0625,9.470588235294118,11.2,11.4,13.923076923076923,19.363636363636363,11.052631578947368,14.071428571428571,16.23076923076923,17.666666666666668,17.25,12.0625,12.8125,20.1,15.307692307692308,17.727272727272727,12.266666666666667,10.3125,9.647058823529411,8.714285714285714,8.6,8.6,9.7,10.421052631578947,9.894736842105264,8.478260869565217,8.0,7.583333333333333,9.142857142857142,13.928571428571429,8.363636363636363,8.476190476190476,9.333333333333334,9.0,10.533333333333333,0.0,0.0,0.0,0.0,0.0
0.0,0.0,0.0,0.0,0.0,0.0,0.0,0.0,0.0,0.0,0.0,0.0,0.0,0.0,0.0,0.0,0.0,0.0,0.0,0.0,0.0,0.0,0.0,0.0,11.117647058823529,10.5,13.2,10.8125,10.666666666666666,10.470588235294118,12.666666666666666,13.785714285714286,13.733333333333333,12.352941176470589,14.2,13.0,11.0625,13.933333333333334,17.166666666666668,15.153846153846153,14.307692307692308,13.357142857142858,12.153846153846153,9.25,9.176470588235293,8.26086956521739,8.863636363636363,9.3,8.73913043478261,9.523809523809524,8.666666666666666,9.428571428571429,8.608695652173912,11.235294117647058,9.0,10.705882352941176,11.333333333333334,11.866666666666667,9.722222222222221,10.375,0.0,0.0,0.0,0.0,0.0,0.0
0.0,0.0,0.0,0.0,0.0,0.0,0.0,0.0,0.0,0.0,0.0,0.0,0.0,0.0,0.0,0.0,0.0,0.0,0.0,0.0,0.0,0.0,14.0,10.833333333333334,10.263157894736842,10.88888888888889,9.85,10.125,12.25,10.866666666666667,12.857142857142858,10.631578947368421,11.555555555555555,11.722222222222221,10.68421052631579,12.4375,14.642857142857142,14.785714285714286,14.076923076923077,17.25,16.5,12.0,11.714285714285714,8.61111111111111,8.714285714285714,12.0,9.619047619047619,8.391304347826088,7.56,9.681818181818182,7.958333333333333,11.882352941176471,8.863636363636363,10.764705882352942,11.785714285714286,14.818181818181818,11.071428571428571,10.6,13.23076923076923,0.0,0.0,0.0,0.0,0.0,0.0,0.0
0.0,0.0,0.0,0.0,0.0,0.0,0.0,0.0,0.0,0.0,0.0,0.0,0.0,0.0,0.0,0.0,0.0,0.0,0.0,0.0,0.0,13.692307692307692,12.666666666666666,12.466666666666667,12.0,11.105263157894736,9.090909090909092,11.6875,8.25,11.066666666666666,11.533333333333333,10.882352941176471,9.136363636363637,12.166666666666666,11.473684210526315,12.9375,15.307692307692308,12.3125,17.818181818181817,12.866666666666667,12.857142857142858,11.375,11.5,9.6,11.105263157894736,10.61111111111111,11.0,8.208333333333334,6.777777777777778,9.142857142857142,9.65,10.157894736842104,12.333333333333334,11.1875,13.75,12.916666666666666,13.909090909090908,9.8125,11.4,0.0,0.0,0.0,0.0,0.0,0.0,0.0
0.0,0.0,0.0,0.0,0.0,0.0,0.0,0.0,0.0,0.0,0.0,0.0,0.0,0.0,0.0,0.0,0.0,0.0,0.0,0.0,0.0,14.076923076923077,17.636363636363637,17.5,13.4375,13.0,11.105263157894736,11.157894736842104,11.470588235294118,13.0,11.25,12.866666666666667,14.785714285714286,12.25,10.5,13.125,12.5,11.647058823529411,15.538461538461538,16.307692307692307,9.777777777777779,11.0,12.866666666666667,10.421052631578947,9.291666666666666,11.555555555555555,12.75,9.666666666666666,8.391304347826088,7.583333333333333,7.833333333333333,12.533333333333333,14.071428571428571,12.642857142857142,10.3125,10.0,10.857142857142858,10.466666666666667,0.0,0.0,0.0,0.0,0.0,0.0,0.0,0.0
0.0,0.0,0.0,0.0,0.0,0.0,0.0,0.0,0.0,0.0,0.0,0.0,0.0,0.0,0.0,0.0,0.0,0.0,0.0,0.0,17.25,11.411764705882353,12.8125,13.625,13.352941176470589,17.071428571428573,15.357142857142858,14.733333333333333,11.666666666666666,9.285714285714286,10.117647058823529,11.4375,13.6,17.583333333333332,10.944444444444445,13.066666666666666,13.785714285714286,11.117647058823529,15.166666666666666,15.384615384615385,12.928571428571429,9.631578947368421,12.5,9.421052631578947,8.954545454545455,9.272727272727273,11.555555555555555,12.625,8.695652173913043,7.0,8.391304347826088,10.421052631578947,13.266666666666667,9.210526315789474,8.277777777777779,9.866666666666667,10.0,10.6,13.916666666666666,0.0,0.0,0.0,0.0,0.0,0.0,0.0
0.0,0.0,0.0,0.0,0.0,0.0,0.0,0.0,0.0,0.0,0.0,0.0,0.0,11.125,0.0,0.0,0.0,0.0,0.0,12.588235294117647,13.785714285714286,11.764705882352942,8.583333333333334,15.133333333333333,25.333333333333332,19.90909090909091,14.333333333333334,13.933333333333334,10.631578947368421,10.777777777777779,11.0625,12.235294117647058,17.0,13.066666666666666,12.666666666666666,11.8125,16.416666666666668,9.631578947368421,11.9375,13.428571428571429,14.307692307692308,12.0,10.444444444444445,9.85,9.409090909090908,9.608695652173912,12.333333333333334,10.65,9.523809523809524,8.083333333333334,9.428571428571429,9.714285714285714,11.555555555555555,7.083333333333333,8.833333333333334,10.2,11.615384615384615,10.933333333333334,11.6,9.764705882352942,0.0,0.0,0.0,0.0,0.0,0.0
0.0,0.0,0.0,0.0,0.0,0.0,0.0,0.0,0.0,0.0,0.0,0.0,0.0,0.0,10.058823529411764,0.0,0.0,0.0,10.444444444444445,0.0,12.5625,12.3125,9.545454545454545,12.294117647058824,22.0,27.0,18.083333333333332,16.75,13.214285714285714,14.23076923076923,13.928571428571429,13.928571428571429,16.333333333333332,16.75,14.461538461538462,14.615384615384615,13.071428571428571,11.0,13.428571428571429,13.142857142857142,14.076923076923077,12.933333333333334,10.666666666666666,7.6,9.5,9.863636363636363,10.3,9.333333333333334,10.473684210526315,9.631578947368421,7.875,12.058823529411764,12.75,9.947368421052632,8.1,12.23076923076923,11.214285714285714,14.083333333333334,16.0,10.1875,8.1875,10.923076923076923,0.0,0.0,0.0,0.0
0.0,0.0,0.0,0.0,0.0,0.0,0.0,0.0,0.0,0.0,0.0,14.307692307692308,0.0,0.0,11.1875,0.0,10.333333333333334,9.35,8.681818181818182,7.666666666666667,9.666666666666666,10.052631578947368,10.421052631578947,15.23076923076923,15.0,19.09090909090909,13.2,19.4,15.333333333333334,13.692307692307692,12.4375,14.071428571428571,16.416666666666668,16.083333333333332,14.384615384615385,13.153846153846153,19.444444444444443,13.285714285714286,11.588235294117647,14.5,10.222222222222221,10.88888888888889,11.823529411764707,10.736842105263158,10.210526315789474,9.857142857142858,14.0,10.555555555555555,12.058823529411764,9.181818181818182,12.117647058823529,10.944444444444445,12.75,12.625,10.705882352941176,10.6875,12.142857142857142,14.727272727272727,15.9,11.846153846153847,7.894736842105263,11.538461538461538,10.642857142857142,0.0,0.0,0.0
0.0,0.0,0.0,0.0,0.0,0.0,0.0,0.0,0.0,0.0,0.0,0.0,0.0,0.0,12.0,13.916666666666666,11.933333333333334,10.7,9.0,9.55,10.631578947368421,10.15,15.538461538461538,15.076923076923077,17.636363636363637,17.454545454545453,19.1,17.545454545454547,14.076923076923077,13.23076923076923,13.571428571428571,12.8,11.3125,12.4,13.923076923076923,14.666666666666666,14.416666666666666,10.833333333333334,11.764705882352942,12.117647058823529,10.105263157894736,11.5625,14.571428571428571,11.941176470588236,10.1,9.363636363636363,10.578947368421053,9.428571428571429,9.619047619047619,10.55,12.166666666666666,11.777777777777779,13.3125,14.285714285714286,11.875,10.625,11.125,13.307692307692308,15.181818181818182,12.071428571428571,12.357142857142858,12.071428571428571,11.692307692307692,9.5,10.1875,0.0
0.0,0.0,0.0,0.0,0.0,0.0,0.0,0.0,0.0,0.0,0.0,0.0,0.0,0.0,11.571428571428571,14.166666666666666,13.76923076923077,10.285714285714286,11.882352941176471,10.722222222222221,10.631578947368421,12.0,16.75,19.8,19.4,15.23076923076923,22.77777777777778,14.285714285714286,10.333333333333334,10.352941176470589,13.142857142857142,11.5,9.157894736842104,10.5625,9.0,10.5625,11.1875,11.411764705882353,12.625,11.166666666666666,10.45,12.125,13.0,12.470588235294118,10.61111111111111,10.222222222222221,10.0,9.35,10.105263157894736,17.333333333333332,11.625,8.227272727272727,6.791666666666667,9.444444444444445,9.473684210526315,11.615384615384615,10.125,12.0,11.4,11.4,13.923076923076923,10.176470588235293,11.5,10.5,8.526315789473685,0.0
0.0,0.0,0.0,0.0,0.0,0.0,0.0,0.0,0.0,0.0,0.0,0.0,10.588235294117647,7.318181818181818,9.764705882352942,10.9375,10.263157894736842,10.095238095238095,11.944444444444445,15.071428571428571,11.823529411764707,13.6,17.083333333333332,18.272727272727273,18.636363636363637,20.7,18.727272727272727,15.0,10.777777777777779,8.761904761904763,12.466666666666667,9.526315789473685,8.428571428571429,10.117647058823529,10.5625,10.6875,13.214285714285714,13.333333333333334,10.421052631578947,12.0,12.625,11.647058823529411,10.578947368421053,11.055555555555555,8.714285714285714,10.0,9.052631578947368,9.263157894736842,12.266666666666667,9.666666666666666,9.3,10.058823529411764,10.866666666666667,14.1,10.571428571428571,9.5625,11.785714285714286,11.533333333333333,12.571428571428571,10.8,9.0,11.571428571428571,9.647058823529411,9.823529411764707,9.105263157894736,9.411764705882353
0.0,0.0,0.0,0.0,0.0,0.0,0.0,0.0,0.0,0.0,0.0,0.0,0.0,10.294117647058824,10.823529411764707,10.526315789473685,14.125,14.333333333333334,14.235294117647058,13.176470588235293,12.941176470588236,17.916666666666668,21.6,18.666666666666668,15.076923076923077,16.833333333333332,16.583333333333332,15.833333333333334,15.0,11.882352941176471,12.6875,13.533333333333333,13.4,9.31578947368421,10.8,14.5,13.642857142857142,13.142857142857142,11.823529411764707,9.894736842105264,9.571428571428571,11.705882352941176,11.0,10.368421052631579,11.4375,10.25,8.25,9.875,9.5625,10.3125,9.88888888888889,10.176470588235293,9.8125,10.76923076923077,12.214285714285714,12.571428571428571,14.75,13.76923076923077,10.9375,9.352941176470589,11.461538461538462,11.428571428571429,10.625,10.470588235294118,8.4,9.0
0.0,0.0,0.0,0.0,0.0,0.0,0.0,0.0,0.0,0.0,0.0,0.0,0.0,12.333333333333334,12.176470588235293,14.066666666666666,18.0,20.09090909090909,19.416666666666668,13.647058823529411,15.066666666666666,17.75,19.454545454545453,16.076923076923077,13.8,19.7,20.88888888888889,20.444444444444443,18.8,20.0,19.1,14.571428571428571,16.0,11.866666666666667,10.117647058823529,11.2,10.5625,8.217391304347826,12.625,13.133333333333333,15.076923076923077,11.470588235294118,11.882352941176471,12.2,12.0,10.647058823529411,9.882352941176471,10.4,9.055555555555555,11.933333333333334,10.055555555555555,11.4375,11.25,13.923076923076923,17.9,17.0,15.5,13.357142857142858,13.071428571428571,10.9375,10.4375,9.277777777777779,10.222222222222221,10.0,9.777777777777779,9.833333333333334
0.0,0.0,0.0,0.0,0.0,0.0,0.0,0.0,0.0,0.0,0.0,0.0,0.0,11.625,18.0,15.75,21.0,17.916666666666668,16.307692307692307,19.272727272727273,15.857142857142858,15.0,20.5,18.09090909090909,13.357142857142858,17.727272727272727,20.666666666666668,22.125,20.22222222222222,16.90909090909091,18.9,17.09090909090909,20.0,17.6,13.384615384615385,13.692307692307692,12.133333333333333,11.125,10.61111111111111,12.933333333333334,11.705882352941176,14.76923076923077,12.866666666666667,13.76923076923077,12.375,10.0,10.647058823529411,13.0,13.846153846153847,12.533333333333333,12.0,13.615384615384615,13.428571428571429,14.153846153846153,14.666666666666666,17.2,14.833333333333334,15.333333333333334,13.0,14.5,10.470588235294118,9.235294117647058,9.263157894736842,12.923076923076923,12.285714285714286,12.785714285714286
0.0,0.0,0.0,0.0,0.0,0.0,0.0,0.0,0.0,0.0,0.0,0.0,0.0,15.333333333333334,13.692307692307692,18.77777777777778,18.2,15.333333333333334,16.083333333333332,18.818181818181817,14.428571428571429,16.166666666666668,21.444444444444443,17.181818181818183,16.727272727272727,16.727272727272727,20.666666666666668,16.818181818181817,19.0,14.384615384615385,16.90909090909091,18.2,25.142857142857142,19.77777777777778,17.7,15.0,14.833333333333334,14.5,12.0,15.083333333333334,15.916666666666666,12.4375,15.0,12.933333333333334,12.928571428571429,13.0,13.142857142857142,16.818181818181817,17.09090909090909,15.5,15.416666666666666,17.181818181818183,14.416666666666666,18.09090909090909,13.846153846153847,19.88888888888889,9.777777777777779,10.647058823529411,10.0,10.411764705882353,10.11111111111111,11.266666666666667,11.733333333333333,13.153846153846153,12.76923076923077,14.333333333333334
0.0,0.0,0.0,0.0,0.0,0.0,0.0,0.0,0.0,0.0,0.0,0.0,0.0,12.714285714285714,13.307692307692308,13.583333333333334,14.333333333333334,18.3,13.285714285714286,14.0,16.272727272727273,17.5,16.09090909090909,20.11111111111111,15.333333333333334,15.166666666666666,14.461538461538462,15.916666666666666,14.0,12.0,14.75,18.3,20.444444444444443,22.375,20.0,15.818181818181818,17.3,21.375,14.916666666666666,12.6875,13.357142857142858,12.933333333333334,15.333333333333334,11.352941176470589,10.941176470588236,11.5,14.333333333333334,15.416666666666666,16.25,17.0,14.5,15.727272727272727,14.416666666666666,13.916666666666666,15.083333333333334,13.76923076923077,11.6,9.705882352941176,9.277777777777779,10.529411764705882,10.277777777777779,12.0,13.538461538461538,10.411764705882353,12.357142857142858,0.0
0.0,0.0,0.0,0.0,0.0,0.0,0.0,0.0,0.0,0.0,0.0,0.0,0.0,16.09090909090909,16.272727272727273,18.0,14.833333333333334,14.75,15.0,9.777777777777779,14.666666666666666,14.75,14.916666666666666,16.272727272727273,16.181818181818183,14.75,11.944444444444445,13.8,10.777777777777779,10.470588235294118,15.083333333333334,17.4,18.2,21.333333333333332,19.9,15.416666666666666,17.4,19.555555555555557,19.77777777777778,20.0,13.214285714285714,13.066666666666666,13.428571428571429,12.6,13.285714285714286,14.076923076923077,12.285714285714286,14.307692307692308,15.333333333333334,16.545454545454547,15.181818181818182,13.416666666666666,16.2,17.333333333333332,12.4,11.625,10.823529411764707,12.923076923076923,11.0625,11.117647058823529,11.058823529411764,12.866666666666667,10.176470588235293,11.533333333333333,11.4,0.0
0.0,0.0,0.0,0.0,0.0,0.0,0.0,0.0,0.0,0.0,0.0,0.0,0.0,13.76923076923077,15.25,14.307692307692308,21.0,17.8,15.727272727272727,12.923076923076923,12.8,16.90909090909091,18.7,14.692307692307692,19.2,16.181818181818183,13.692307692307692,14.615384615384615,10.166666666666666,10.875,20.11111111111111,22.75,22.75,16.583333333333332,17.75,14.071428571428571,13.0,21.333333333333332,21.333333333333332,15.416666666666666,14.571428571428571,13.2,12.666666666666666,12.1875,14.0,13.307692307692308,14.833333333333334,16.363636363636363,13.923076923076923,17.8,13.333333333333334,17.666666666666668,12.461538461538462,12.2,10.61111111111111,11.875,11.0,11.0,11.294117647058824,11.8,13.461538461538462,10.875,10.263157894736842,8.619047619047619,0.0,0.0
0.0,0.0,0.0,0.0,0.0,0.0,0.0,0.0,0.0,0.0,0.0,0.0,0.0,11.4375,17.454545454545453,26.857142857142858,18.6,15.083333333333334,14.818181818181818,16.727272727272727,14.615384615384615,14.357142857142858,14.285714285714286,16.5,19.7,18.5,15.333333333333334,10.625,9.176470588235293,11.466666666666667,13.692307692307692,15.166666666666666,13.714285714285714,12.882352941176471,14.8,12.4375,13.785714285714286,17.545454545454547,22.666666666666668,25.125,19.7,15.307692307692308,14.0,10.894736842105264,11.588235294117647,10.705882352941176,18.0,17.0,15.333333333333334,12.357142857142858,11.571428571428571,12.0,10.8125,10.666666666666666,10.25,13.76923076923077,12.428571428571429,9.944444444444445,11.125,11.4,11.4,11.866666666666667,10.333333333333334,9.2,0.0,0.0
0.0,0.0,0.0,0.0,0.0,0.0,0.0,0.0,0.0,0.0,0.0,0.0,0.0,0.0,14.692307692307692,15.666666666666666,18.77777777777778,14.916666666666666,11.4375,15.166666666666666,17.90909090909091,13.066666666666666,14.714285714285714,17.0,14.76923076923077,14.692307692307692,11.4,11.357142857142858,10.428571428571429,11.857142857142858,14.083333333333334,12.785714285714286,16.083333333333332,14.785714285714286,22.333333333333332,11.764705882352942,15.923076923076923,19.6,22.0,22.0,15.153846153846153,15.923076923076923,15.214285714285714,14.133333333333333,12.25,13.285714285714286,12.5,14.384615384615385,13.571428571428571,12.0625,10.764705882352942,10.0,9.875,8.4375,9.117647058823529,12.615384615384615,10.25,12.23076923076923,9.647058823529411,13.083333333333334,12.076923076923077,10.375,9.473684210526315,0.0,0.0,0.0
0.0,0.0,0.0,0.0,0.0,0.0,0.0,0.0,0.0,0.0,0.0,0.0,0.0,16.583333333333332,14.428571428571429,12.5,14.76923076923077,12.666666666666666,10.38888888888889,10.3,15.076923076923077,13.857142857142858,14.428571428571429,12.6875,16.363636363636363,16.363636363636363,15.8,11.428571428571429,10.6,17.77777777777778,15.090909090909092,13.923076923076923,14.23076923076923,17.818181818181817,28.142857142857142,13.714285714285714,18.4,18.7,19.2,19.3,26.857142857142858,19.5,14.2,11.555555555555555,16.333333333333332,13.214285714285714,14.307692307692308,11.9375,13.714285714285714,13.357142857142858,11.6875,12.714285714285714,12.916666666666666,9.866666666666667,9.176470588235293,8.722222222222221,10.666666666666666,11.571428571428571,11.357142857142858,11.928571428571429,12.538461538461538,10.875,0.0,0.0,0.0,0.0
0.0,0.0,0.0,0.0,0.0,0.0,0.0,0.0,0.0,0.0,0.0,0.0,0.0,11.411764705882353,15.538461538461538,18.181818181818183,17.0,14.923076923076923,10.736842105263158,12.0,13.2,13.928571428571429,11.9375,14.076923076923077,15.166666666666666,14.5,13.076923076923077,13.333333333333334,13.545454545454545,17.77777777777778,21.375,20.666666666666668,16.90909090909091,21.555555555555557,18.9,16.0,19.555555555555557,20.22222222222222,26.571428571428573,20.444444444444443,22.875,17.727272727272727,14.142857142857142,16.5,13.266666666666667,15.166666666666666,15.153846153846153,16.916666666666668,15.384615384615385,15.583333333333334,11.75,12.857142857142858,12.833333333333334,8.777777777777779,8.421052631578947,12.153846153846153,9.368421052631579,10.352941176470589,8.571428571428571,8.9,11.333333333333334,10.875,0.0,0.0,0.0,0.0
0.0,0.0,0.0,0.0,0.0,0.0,0.0,0.0,0.0,0.0,0.0,0.0,0.0,0.0,10.88888888888889,15.076923076923077,16.5,13.785714285714286,12.625,13.0,16.333333333333332,14.307692307692308,11.058823529411764,13.071428571428571,12.214285714285714,15.181818181818182,14.818181818181818,16.333333333333332,18.75,20.625,18.1,16.636363636363637,20.88888888888889,19.7,21.88888888888889,18.7,26.0,29.333333333333332,25.714285714285715,20.0,25.142857142857142,16.9,18.9,15.75,12.733333333333333,13.133333333333333,13.666666666666666,13.4,12.333333333333334,12.4375,15.833333333333334,13.923076923076923,9.647058823529411,10.1875,10.235294117647058,10.61111111111111,9.263157894736842,7.3478260869565215,9.9375,8.55,8.7,0.0,0.0,0.0,0.0,0.0
0.0,0.0,0.0,0.0,0.0,0.0,0.0,0.0,0.0,0.0,0.0,0.0,0.0,0.0,12.4375,12.1875,17.636363636363637,14.142857142857142,14.846153846153847,12.375,17.454545454545453,12.642857142857142,14.083333333333334,16.5,12.538461538461538,15.5,18.625,19.25,18.5,14.7,15.363636363636363,14.833333333333334,16.0,21.444444444444443,25.25,22.444444444444443,26.142857142857142,26.142857142857142,22.0,23.125,25.857142857142858,29.666666666666668,21.875,20.0,12.8,14.5,12.625,13.4,11.470588235294118,16.833333333333332,13.785714285714286,13.285714285714286,11.714285714285714,9.944444444444445,11.058823529411764,11.6875,10.875,10.133333333333333,8.823529411764707,9.277777777777779,0.0,0.0,0.0,0.0,0.0,0.0
0.0,0.0,0.0,0.0,0.0,0.0,0.0,0.0,0.0,0.0,0.0,0.0,0.0,0.0,15.76923076923077,17.636363636363637,19.2,19.2,15.083333333333334,12.133333333333333,18.0,17.7,15.272727272727273,13.166666666666666,14.0,15.2,15.2,24.833333333333332,25.166666666666668,18.375,13.416666666666666,14.666666666666666,16.75,20.9,26.0,23.11111111111111,19.2,23.375,28.428571428571427,18.0,30.666666666666668,22.125,16.09090909090909,12.333333333333334,12.866666666666667,14.428571428571429,12.058823529411764,16.416666666666668,16.833333333333332,15.153846153846153,14.0,12.142857142857142,9.944444444444445,9.210526315789474,8.956521739130435,10.166666666666666,12.285714285714286,10.533333333333333,10.266666666666667,0.0,0.0,0.0,0.0,0.0,0.0,0.0
0.0,0.0,0.0,0.0,0.0,0.0,0.0,0.0,0.0,0.0,0.0,0.0,0.0,12.933333333333334,15.666666666666666,19.77777777777778,19.1,15.416666666666666,15.909090909090908,15.545454545454545,17.9,21.5,15.636363636363637,13.416666666666666,15.8,21.714285714285715,16.77777777777778,25.0,17.11111111111111,19.0,17.4,14.923076923076923,18.545454545454547,20.5,26.0,26.375,23.75,30.0,17.454545454545453,20.333333333333332,22.75,18.0,16.0,12.933333333333334,15.923076923076923,14.071428571428571,15.076923076923077,15.538461538461538,10.421052631578947,11.294117647058824,12.466666666666667,12.285714285714286,13.0,12.6,10.263157894736842,12.0,11.6,12.642857142857142,12.846153846153847,0.0,0.0,0.0,0.0,0.0,0.0,0.0
0.0,0.0,0.0,0.0,0.0,0.0,0.0,0.0,0.0,0.0,0.0,0.0,0.0,0.0,16.545454545454547,19.11111111111111,16.545454545454547,20.555555555555557,11.642857142857142,29.6,16.6,16.9,15.636363636363637,14.818181818181818,15.9,19.5,18.75,18.875,16.0,17.3,21.88888888888889,19.6,22.444444444444443,22.77777777777778,20.9,23.555555555555557,24.125,15.583333333333334,19.1,19.4,22.0,21.333333333333332,20.666666666666668,18.09090909090909,15.833333333333334,14.615384615384615,14.307692307692308,11.933333333333334,13.5,11.352941176470589,13.785714285714286,15.166666666666666,14.692307692307692,14.916666666666666,11.3125,10.764705882352942,14.583333333333334,14.5,0.0,0.0,0.0,0.0,0.0,0.0,0.0,0.0
0.0,0.0,0.0,0.0,0.0,0.0,0.0,0.0,0.0,0.0,0.0,0.0,0.0,0.0,18.666666666666668,17.0,15.727272727272727,15.363636363636363,18.333333333333332,15.8,16.7,18.555555555555557,18.444444444444443,21.25,18.875,16.666666666666668,18.625,20.125,17.88888888888889,20.77777777777778,18.181818181818183,20.1,25.125,18.636363636363637,18.90909090909091,20.1,21.444444444444443,20.333333333333332,12.928571428571429,19.1,17.818181818181817,20.11111111111111,21.11111111111111,21.444444444444443,19.2,18.8,20.666666666666668,12.0,13.285714285714286,10.666666666666666,15.153846153846153,12.733333333333333,12.333333333333334,13.76923076923077,13.153846153846153,17.1,16.7,12.071428571428571,0.0,0.0,0.0,0.0,0.0,0.0,0.0,0.0
0.0,0.0,0.0,0.0,0.0,0.0,0.0,0.0,0.0,0.0,0.0,0.0,0.0,13.076923076923077,20.25,16.3,23.142857142857142,20.125,15.363636363636363,17.6,15.636363636363637,15.636363636363637,17.0,14.5,18.555555555555557,16.0,18.375,19.0,19.444444444444443,23.25,22.0,18.818181818181817,22.11111111111111,22.333333333333332,18.363636363636363,15.307692307692308,18.0,17.181818181818183,19.555555555555557,18.6,18.6,17.9,20.333333333333332,20.77777777777778,18.9,16.90909090909091,12.642857142857142,14.461538461538462,12.2,14.071428571428571,13.923076923076923,10.5,14.75,18.22222222222222,15.181818181818182,14.0,13.583333333333334,0.0,0.0,0.0,0.0,0.0,0.0,0.0,0.0,0.0
0.0,0.0,0.0,0.0,0.0,0.0,0.0,0.0,0.0,0.0,0.0,0.0,0.0,0.0,23.285714285714285,23.142857142857142,18.333333333333332,22.5,15.909090909090908,16.363636363636363,15.25,15.818181818181818,15.909090909090908,18.0,20.625,17.333333333333332,13.727272727272727,15.727272727272727,20.22222222222222,21.0,15.307692307692308,18.818181818181817,19.8,15.916666666666666,15.5,16.0,14.692307692307692,14.76923076923077,16.454545454545453,16.454545454545453,17.8,16.181818181818183,18.0,18.5,16.90909090909091,15.0,12.133333333333333,13.642857142857142,15.5,13.307692307692308,11.533333333333333,15.25,17.1,20.625,18.555555555555557,13.5,0.0,0.0,0.0,0.0,0.0,0.0,0.0,0.0,0.0,0.0
0.0,0.0,0.0,0.0,0.0,0.0,0.0,0.0,0.0,0.0,0.0,0.0,0.0,13.538461538461538,21.875,20.5,22.285714285714285,15.083333333333334,16.166666666666668,20.88888888888889,22.75,19.555555555555557,20.75,20.75,23.285714285714285,26.0,17.666666666666668,20.666666666666668,23.5,21.666666666666668,17.636363636363637,21.77777777777778,18.09090909090909,19.1,18.2,17.0,15.833333333333334,15.25,16.181818181818183,16.454545454545453,17.8,13.214285714285714,10.88888888888889,23.0,14.833333333333334,19.666666666666668,16.90909090909091,17.272727272727273,15.727272727272727,16.3,15.1,17.3,21.375,16.7,17.444444444444443,0.0,0.0,0.0,0.0,0.0,0.0,0.0,0.0,0.0,0.0,0.0
0.0,0.0,0.0,0.0,0.0,0.0,0.0,0.0,0.0,0.0,0.0,0.0,0.0,15.272727272727273,17.9,21.75,17.0,17.363636363636363,17.90909090909091,20.77777777777778,19.22222222222222,21.25,18.22222222222222,23.571428571428573,27.5,32.0,26.166666666666668,26.142857142857142,18.7,21.11111111111111,19.0,24.75,20.0,21.88888888888889,20.77777777777778,16.25,15.666666666666666,14.0,14.916666666666666,14.0,15.909090909090908,10.882352941176471,11.411764705882353,18.3,17.6,15.666666666666666,15.833333333333334,14.692307692307692,20.0,17.444444444444443,12.583333333333334,18.0,12.153846153846153,15.1,0.0,0.0,0.0,0.0,0.0,0.0,0.0,0.0,0.0,0.0,0.0,0.0
0.0,0.0,0.0,0.0,0.0,0.0,0.0,0.0,0.0,0.0,0.0,0.0,12.357142857142858,16.7,18.333333333333332,19.333333333333332,16.363636363636363,21.11111111111111,21.0,18.77777777777778,20.875,19.11111111111111,23.571428571428573,23.714285714285715,32.4,23.857142857142858,23.857142857142858,23.25,26.285714285714285,21.333333333333332,20.88888888888889,18.9,22.11111111111111,16.416666666666668,22.444444444444443,21.666666666666668,13.5,12.8,15.25,11.5,12.933333333333334,11.75,16.416666666666668,14.0,15.5,14.615384615384615,17.272727272727273,17.181818181818183,16.9,14.272727272727273,15.7,15.0,18.0,0.0,0.0,0.0,0.0,0.0,0.0,0.0,0.0,0.0,0.0,0.0,0.0,0.0
0.0,0.0,0.0,0.0,0.0,0.0,0.0,0.0,0.0,0.0,0.0,0.0,12.571428571428571,18.444444444444443,23.142857142857142,17.77777777777778,21.125,21.0,18.88888888888889,17.0,21.0,18.666666666666668,33.2,33.2,33.8,28.0,34.8,25.142857142857142,21.11111111111111,23.375,22.5,20.0,20.3,19.4,18.0,14.384615384615385,13.142857142857142,13.357142857142858,15.25,15.916666666666666,13.714285714285714,14.285714285714286,15.0,11.352941176470589,11.411764705882353,16.916666666666668,20.1,17.272727272727273,15.363636363636363,14.0,14.636363636363637,13.916666666666666,11.428571428571429,0.0,0.0,0.0,0.0,0.0,0.0,0.0,0.0,0.0,0.0,0.0,0.0,0.0
0.0,0.0,0.0,0.0,0.0,0.0,0.0,0.0,0.0,0.0,0.0,21.0,14.333333333333334,18.77777777777778,22.428571428571427,17.666666666666668,21.625,20.625,18.22222222222222,15.636363636363637,19.555555555555557,21.0,34.0,33.8,33.6,27.833333333333332,27.333333333333332,21.0,21.444444444444443,23.375,26.285714285714285,16.90909090909091,17.454545454545453,17.272727272727273,18.0,23.75,14.76923076923077,13.785714285714286,17.0,15.666666666666666,19.2,17.083333333333332,12.4375,14.76923076923077,11.6875,14.071428571428571,18.09090909090909,16.083333333333332,14.916666666666666,17.0,15.090909090909092,0.0,0.0,0.0,0.0,0.0,0.0,0.0,0.0,0.0,0.0,0.0,0.0,0.0,0.0,0.0
0.0,0.0,0.0,0.0,0.0,0.0,0.0,0.0,0.0,0.0,22.375,0.0,17.5,18.22222222222222,17.88888888888889,19.875,20.5,24.857142857142858,20.875,20.875,24.142857142857142,28.833333333333332,28.333333333333332,19.0,21.375,18.88888888888889,28.666666666666668,16.818181818181817,15.333333333333334,20.666666666666668,16.727272727272727,17.09090909090909,16.818181818181817,17.181818181818183,20.555555555555557,14.0,15.357142857142858,17.75,15.142857142857142,19.6,18.454545454545453,17.333333333333332,16.416666666666668,15.916666666666666,18.4,12.733333333333333,16.916666666666668,18.181818181818183,16.583333333333332,14.833333333333334,11.714285714285714,0.0,0.0,0.0,0.0,0.0,0.0,0.0,0.0,0.0,0.0,0.0,0.0,0.0,0.0,0.0
0.0,0.0,0.0,0.0,0.0,0.0,0.0,0.0,0.0,0.0,0.0,16.636363636363637,15.727272727272727,16.3,22.428571428571427,22.714285714285715,20.0,20.625,13.333333333333334,15.454545454545455,21.75,17.5,16.363636363636363,24.0,23.714285714285715,24.0,21.625,18.9,15.090909090909092,13.76923076923077,16.0,15.818181818181818,18.6,16.083333333333332,17.363636363636363,16.384615384615383,14.5,18.545454545454547,15.0,15.0,14.571428571428571,18.272727272727273,17.636363636363637,19.3,16.583333333333332,15.846153846153847,17.90909090909091,14.76923076923077,13.857142857142858,13.142857142857142,0.0,0.0,0.0,0.0,0.0,0.0,0.0,0.0,0.0,0.0,0.0,0.0,0.0,0.0,0.0,0.0
0.0,0.0,0.0,0.0,0.0,0.0,0.0,0.0,0.0,18.3,23.25,22.75,15.272727272727273,16.2,14.272727272727273,26.5,18.666666666666668,22.75,14.636363636363637,13.416666666666666,13.833333333333334,19.333333333333332,17.8,16.2,11.714285714285714,18.11111111111111,17.0,12.076923076923077,16.22222222222222,11.692307692307692,11.0,13.285714285714286,11.125,12.642857142857142,12.928571428571429,14.615384615384615,15.583333333333334,16.818181818181817,14.384615384615385,16.75,18.181818181818183,18.727272727272727,18.09090909090909,19.2,19.6,14.5,16.636363636363637,16.181818181818183,15.0,0.0,0.0,0.0,0.0,0.0,0.0,0.0,0.0,0.0,0.0,0.0,0.0,0.0,0.0,0.0,0.0,0.0
0.0,0.0,0.0,10.941176470588236,12.466666666666667,13.285714285714286,16.363636363636363,0.0,0.0,0.0,19.22222222222222,0.0,0.0,18.444444444444443,11.428571428571429,14.363636363636363,25.142857142857142,14.75,15.909090909090908,13.214285714285714,14.916666666666666,17.6,17.5,17.0,17.88888888888889,18.666666666666668,16.8,11.76923076923077,9.625,12.0,12.214285714285714,16.9,15.363636363636363,13.538461538461538,13.846153846153847,14.538461538461538,19.0,19.0,16.363636363636363,14.0,16.818181818181817,17.0,16.083333333333332,15.75,15.916666666666666,18.1,19.444444444444443,16.454545454545453,0.0,0.0,0.0,0.0,0.0,0.0,0.0,0.0,0.0,0.0,0.0,0.0,0.0,0.0,0.0,0.0,0.0,0.0
0.0,11.733333333333333,12.0,14.76923076923077,16.333333333333332,15.666666666666666,15.166666666666666,17.8,0.0,18.666666666666668,16.7,18.22222222222222,15.7,0.0,15.9,17.555555555555557,19.22222222222222,12.642857142857142,12.266666666666667,14.153846153846153,13.133333333333333,15.0,16.272727272727273,15.454545454545455,15.636363636363637,19.444444444444443,13.583333333333334,11.214285714285714,16.7,14.363636363636363,11.571428571428571,13.416666666666666,15.363636363636363,12.285714285714286,17.181818181818183,15.666666666666666,15.5,17.454545454545453,15.909090909090908,19.11111111111111,17.8,16.818181818181817,20.88888888888889,15.454545454545455,0.0,18.333333333333332,13.909090909090908,0.0,0.0,0.0,0.0,0.0,0.0,0.0,0.0,0.0,0.0,0.0,0.0,0.0,0.0,0.0,0.0,0.0,0.0,0.0
10.8125,0.0,12.333333333333334,17.636363636363637,19.8,15.916666666666666,15.583333333333334,19.77777777777778,21.5,0.0,22.0,19.125,17.0,17.0,17.77777777777778,20.25,18.555555555555557,20.22222222222222,15.833333333333334,11.058823529411764,10.705882352941176,10.705882352941176,13.846153846153847,14.75,15.181818181818182,13.75,16.2,13.666666666666666,14.166666666666666,12.5,12.23076923076923,18.0,16.9,14.25,17.5,15.833333333333334,16.333333333333332,21.0,19.11111111111111,20.25,20.375,21.875,18.22222222222222,15.8,0.0,17.77777777777778,0.0,0.0,0.0,0.0,0.0,0.0,0.0,0.0,0.0,0.0,0.0,0.0,0.0,0.0,0.0,0.0,0.0,0.0,0.0,0.0
0.0,0.0,0.0,14.5,18.8,14.538461538461538,18.3,21.875,19.11111111111111,0.0,0.0,24.0,21.142857142857142,0.0,19.75,18.666666666666668,17.2,15.363636363636363,17.6,15.818181818181818,12.428571428571429,11.333333333333334,12.857142857142858,14.416666666666666,14.166666666666666,15.090909090909092,16.5,17.0,15.0,13.7,13.083333333333334,18.444444444444443,21.625,13.23076923076923,13.583333333333334,14.583333333333334,19.8,19.77777777777778,0.0,0.0,0.0,0.0,0.0,0.0,0.0,0.0,0.0,0.0,0.0,0.0,0.0,0.0,0.0,0.0,0.0,0.0,0.0,0.0,0.0,0.0,0.0,0.0,0.0,0.0,0.0,0.0
0.0,0.0,0.0,0.0,17.9,18.2,18.0,24.857142857142858,18.333333333333332,0.0,0.0,0.0,17.11111111111111,20.375,22.714285714285715,20.5,20.625,13.833333333333334,17.7,21.25,15.454545454545455,15.181818181818182,9.647058823529411,12.571428571428571,13.384615384615385,14.083333333333334,13.916666666666666,12.666666666666666,12.666666666666666,12.333333333333334,12.583333333333334,15.363636363636363,17.8,16.0,15.272727272727273,15.583333333333334,0.0,17.3,0.0,0.0,0.0,0.0,0.0,0.0,0.0,0.0,0.0,0.0,0.0,0.0,0.0,0.0,0.0,0.0,0.0,0.0,0.0,0.0,0.0,0.0,0.0,0.0,0.0,0.0,0.0,0.0
0.0,0.0,0.0,0.0,0.0,0.0,19.77777777777778,0.0,0.0,26.0,0.0,0.0,19.625,19.0,0.0,0.0,0.0,17.88888888888889,21.5,21.375,17.0,13.166666666666666,10.625,12.285714285714286,15.25,15.0,13.461538461538462,11.266666666666667,14.818181818181818,14.0,14.090909090909092,10.5,0.0,0.0,0.0,0.0,0.0,0.0,0.0,0.0,0.0,0.0,0.0,0.0,0.0,0.0,0.0,0.0,0.0,0.0,0.0,0.0,0.0,0.0,0.0,0.0,0.0,0.0,0.0,0.0,0.0,0.0,0.0,0.0,0.0,0.0
0.0,0.0,0.0,0.0,0.0,0.0,0.0,0.0,0.0,18.444444444444443,0.0,0.0,24.285714285714285,0.0,19.25,20.375,20.75,17.444444444444443,19.625,19.875,14.636363636363637,13.833333333333334,12.923076923076923,15.454545454545455,16.6,18.22222222222222,15.0,15.727272727272727,16.0,15.6,0.0,0.0,0.0,0.0,0.0,0.0,0.0,0.0,0.0,0.0,0.0,0.0,0.0,0.0,0.0,0.0,0.0,0.0,0.0,0.0,0.0,0.0,0.0,0.0,0.0,0.0,0.0,0.0,0.0,0.0,0.0,0.0,0.0,0.0,0.0,0.0
0.0,0.0,0.0,0.0,0.0,0.0,0.0,0.0,0.0,26.5,0.0,0.0,0.0,0.0,0.0,20.0,18.333333333333332,14.727272727272727,14.545454545454545,0.0,15.272727272727273,16.0,13.692307692307692,13.214285714285714,11.928571428571429,14.23076923076923,19.5,0.0,12.214285714285714,0.0,0.0,0.0,0.0,0.0,0.0,0.0,0.0,0.0,0.0,0.0,0.0,0.0,0.0,0.0,0.0,0.0,0.0,0.0,0.0,0.0,0.0,0.0,0.0,0.0,0.0,0.0,0.0,0.0,0.0,0.0,0.0,0.0,0.0,0.0,0.0,0.0
