0.0,0.0,0.0,0.0,0.0,0.0,0.0,0.0,0.0,0.0,0.0,0.0,0.0,0.0,0.0,0.0,0.0,0.0,0.0,0.0,0.0,0.0,0.0,0.0,0.0,0.0,0.0,0.0,0.0,0.0,0.0,0.0,0.0,0.0,0.0,0.0,0.0,0.0,0.0,0.0,0.0,0.0,0.0,0.0,0.0,0.0,0.0,0.0,0.0,0.0,0.0,0.0,0.0,0.0,0.0,0.0,0.0,0.0,0.0,0.0,0.0,0.0,0.0,0.0,0.0,0.0
0.0,0.0,0.0,0.0,0.0,0.0,0.0,0.0,0.0,0.0,0.0,0.0,0.0,0.0,0.0,0.0,0.0,0.0,0.0,0.0,0.0,0.0,0.0,0.0,0.0,0.0,0.0,0.0,0.0,0.0,0.0,0.0,0.0,0.0,0.0,0.0,0.0,0.0,0.0,0.0,0.0,0.0,0.0,0.0,0.0,21.333333333333332,22.8,0.0,0.0,0.0,0.0,0.0,0.0,0.0,0.0,0.0,0.0,0.0,0.0,0.0,0.0,0.0,0.0,0.0,0.0,0.0
0.0,0.0,0.0,0.0,0.0,0.0,0.0,0.0,0.0,0.0,0.0,0.0,0.0,0.0,0.0,0.0,0.0,0.0,0.0,0.0,0.0,0.0,0.0,0.0,0.0,0.0,0.0,0.0,0.0,0.0,0.0,0.0,0.0,0.0,0.0,0.0,0.0,0.0,0.0,0.0,0.0,16.5,16.875,19.571428571428573,16.875,16.875,21.0,19.833333333333332,0.0,0.0,0.0,0.0,0.0,0.0,0.0,0.0,0.0,0.0,0.0,0.0,0.0,0.0,0.0,0.0,0.0,0.0
0.0,0.0,0.0,0.0,0.0,0.0,0.0,0.0,0.0,0.0,0.0,0.0,0.0,0.0,0.0,0.0,0.0,0.0,0.0,0.0,0.0,0.0,0.0,0.0,0.0,0.0,0.0,0.0,0.0,0.0,0.0,0.0,0.0,0.0,0.0,0.0,0.0,0.0,0.0,0.0,16.625,17.25,19.571428571428573,22.833333333333332,19.857142857142858,19.571428571428573,16.5,18.285714285714285,21.333333333333332,0.0,0.0,0.0,0.0,0.0,0.0,0.0,0.0,0.0,0.0,0.0,0.0,0.0,0.0,0.0,0.0,0.0
0.0,0.0,0.0,0.0,0.0,0.0,0.0,0.0,0.0,0.0,0.0,0.0,0.0,0.0,0.0,0.0,0.0,0.0,0.0,0.0,0.0,0.0,0.0,0.0,0.0,0.0,0.0,0.0,0.0,0.0,0.0,0.0,0.0,0.0,0.0,0.0,0.0,0.0,0.0,0.0,19.833333333333332,17.0,19.857142857142858,19.857142857142858,15.222222222222221,19.285714285714285,19.0,18.571428571428573,17.571428571428573,19.166666666666668,27.75,0.0,0.0,0.0,0.0,0.0,0.0,0.0,0.0,0.0,0.0,0.0,0.0,0.0,0.0,0.0
0.0,0.0,0.0,0.0,0.0,0.0,0.0,0.0,0.0,0.0,0.0,0.0,0.0,0.0,0.0,0.0,0.0,0.0,0.0,0.0,0.0,0.0,0.0,0.0,0.0,0.0,0.0,0.0,0.0,0.0,0.0,0.0,0.0,0.0,0.0,0.0,0.0,0.0,0.0,37.0,24.8,15.625,19.857142857142858,21.666666666666668,18.857142857142858,17.125,18.0,15.0,18.333333333333332,26.0,27.25,27.0,0.0,0.0,0.0,0.0,0.0,0.0,0.0,0.0,0.0,0.0,0.0,0.0,0.0,0.0
0.0,0.0,0.0,0.0,0.0,0.0,0.0,0.0,0.0,0.0,0.0,0.0,0.0,0.0,0.0,0.0,0.0,0.0,0.0,0.0,0.0,0.0,0.0,0.0,0.0,0.0,0.0,0.0,0.0,0.0,0.0,0.0,0.0,0.0,0.0,0.0,0.0,0.0,0.0,30.0,16.0,24.2,20.5,18.571428571428573,20.833333333333332,20.333333333333332,19.833333333333332,17.0,14.625,19.5,22.0,19.333333333333332,0.0,0.0,0.0,0.0,0.0,0.0,0.0,0.0,0.0,0.0,0.0,0.0,0.0,0.0
0.0,0.0,0.0,0.0,0.0,0.0,0.0,0.0,0.0,0.0,0.0,0.0,0.0,0.0,0.0,0.0,0.0,0.0,0.0,0.0,0.0,0.0,0.0,0.0,0.0,0.0,0.0,0.0,0.0,0.0,0.0,0.0,0.0,0.0,0.0,0.0,0.0,0.0,0.0,24.2,22.0,20.0,24.2,21.5,19.714285714285715,18.142857142857142,18.285714285714285,16.857142857142858,16.714285714285715,16.857142857142858,22.4,19.0,0.0,0.0,0.0,0.0,0.0,0.0,0.0,0.0,0.0,0.0,0.0,0.0,0.0,0.0
0.0,0.0,0.0,0.0,0.0,0.0,0.0,0.0,0.0,0.0,0.0,0.0,0.0,0.0,0.0,0.0,0.0,0.0,0.0,0.0,11.5,17.25,0.0,0.0,0.0,0.0,0.0,0.0,0.0,0.0,0.0,0.0,0.0,0.0,0.0,0.0,0.0,0.0,23.333333333333332,22.166666666666668,21.5,21.666666666666668,17.714285714285715,20.833333333333332,17.714285714285715,17.857142857142858,17.142857142857142,16.571428571428573,16.0,16.428571428571427,17.428571428571427,19.833333333333332,0.0,0.0,0.0,0.0,0.0,0.0,0.0,0.0,0.0,0.0,0.0,0.0,0.0,0.0
0.0,0.0,0.0,0.0,0.0,0.0,0.0,0.0,0.0,0.0,0.0,0.0,0.0,0.0,0.0,0.0,0.0,0.0,0.0,18.833333333333332,17.571428571428573,20.142857142857142,0.0,0.0,0.0,0.0,0.0,0.0,0.0,0.0,0.0,0.0,0.0,0.0,0.0,0.0,0.0,0.0,21.285714285714285,24.333333333333332,19.571428571428573,21.666666666666668,21.833333333333332,20.833333333333332,20.5,19.5,18.833333333333332,17.428571428571427,17.428571428571427,15.375,17.285714285714285,0.0,0.0,0.0,0.0,0.0,0.0,0.0,0.0,0.0,0.0,0.0,0.0,0.0,0.0,0.0
0.0,0.0,0.0,0.0,0.0,0.0,0.0,0.0,0.0,0.0,0.0,0.0,0.0,0.0,0.0,0.0,0.0,0.0,17.5,0.0,20.0,24.5,40.0,0.0,0.0,0.0,0.0,0.0,0.0,0.0,0.0,0.0,0.0,0.0,0.0,0.0,0.0,0.0,25.666666666666668,24.833333333333332,24.666666666666668,20.0,19.0,21.666666666666668,20.833333333333332,20.0,20.166666666666668,16.0,19.142857142857142,15.375,16.125,0.0,0.0,0.0,0.0,0.0,0.0,0.0,0.0,0.0,0.0,0.0,0.0,0.0,0.0,0.0
0.0,0.0,0.0,0.0,0.0,0.0,0.0,0.0,0.0,0.0,0.0,0.0,0.0,0.0,0.0,0.0,0.0,0.0,12.75,21.6,21.666666666666668,31.0,32.0,0.0,0.0,0.0,0.0,0.0,0.0,0.0,0.0,0.0,0.0,0.0,0.0,0.0,0.0,0.0,25.5,30.2,25.0,18.5,17.5,19.142857142857142,20.833333333333332,20.5,15.333333333333334,17.25,17.0,17.857142857142858,15.0,0.0,0.0,0.0,0.0,0.0,0.0,0.0,0.0,0.0,0.0,0.0,0.0,0.0,0.0,0.0
0.0,0.0,0.0,0.0,0.0,0.0,0.0,0.0,0.0,0.0,0.0,0.0,0.0,0.0,0.0,0.0,0.0,0.0,23.0,25.6,35.0,33.0,41.0,27.0,0.0,0.0,0.0,0.0,0.0,0.0,0.0,0.0,0.0,0.0,0.0,0.0,0.0,0.0,25.5,30.8,25.333333333333332,25.333333333333332,23.833333333333332,20.0,18.571428571428573,17.857142857142858,15.555555555555555,12.545454545454545,17.714285714285715,18.571428571428573,18.571428571428573,0.0,0.0,0.0,0.0,0.0,0.0,0.0,0.0,0.0,0.0,0.0,0.0,0.0,0.0,0.0
0.0,0.0,0.0,0.0,0.0,0.0,0.0,0.0,0.0,0.0,0.0,0.0,0.0,0.0,0.0,0.0,0.0,0.0,0.0,0.0,30.8,33.8,33.8,27.333333333333332,0.0,0.0,0.0,0.0,0.0,0.0,0.0,0.0,0.0,0.0,0.0,0.0,0.0,0.0,25.5,30.6,30.6,30.2,24.0,18.0,18.428571428571427,16.625,16.0,25.0,15.875,0.0,0.0,0.0,0.0,0.0,0.0,0.0,0.0,0.0,0.0,0.0,0.0,0.0,0.0,0.0,0.0,0.0
0.0,0.0,0.0,0.0,0.0,0.0,0.0,0.0,0.0,0.0,0.0,0.0,0.0,0.0,0.0,0.0,0.0,0.0,0.0,0.0,33.6,35.2,35.2,28.833333333333332,27.5,0.0,0.0,0.0,0.0,0.0,28.0,0.0,0.0,0.0,0.0,0.0,28.5,32.2,26.166666666666668,31.0,30.6,25.5,25.5,18.125,18.25,14.2,15.88888888888889,20.142857142857142,22.333333333333332,20.142857142857142,0.0,0.0,0.0,0.0,0.0,0.0,0.0,0.0,0.0,0.0,0.0,0.0,0.0,0.0,0.0,0.0
0.0,0.0,0.0,0.0,0.0,0.0,0.0,0.0,0.0,0.0,0.0,0.0,0.0,0.0,0.0,0.0,0.0,0.0,0.0,0.0,0.0,29.5,29.5,24.857142857142858,24.857142857142858,35.6,0.0,0.0,0.0,0.0,35.4,41.5,0.0,0.0,0.0,24.571428571428573,21.625,32.4,26.5,31.0,30.8,25.5,24.0,21.285714285714285,19.5,25.833333333333332,16.444444444444443,17.75,17.625,20.571428571428573,0.0,0.0,0.0,0.0,0.0,0.0,0.0,0.0,0.0,0.0,0.0,0.0,0.0,0.0,0.0,0.0
0.0,0.0,0.0,0.0,0.0,0.0,0.0,0.0,0.0,0.0,0.0,0.0,0.0,0.0,0.0,0.0,0.0,0.0,0.0,0.0,0.0,0.0,29.666666666666668,25.142857142857142,25.0,30.0,24.714285714285715,28.333333333333332,34.4,35.4,34.2,42.0,28.5,35.2,0.0,25.0,28.0,23.571428571428573,27.0,25.666666666666668,24.666666666666668,24.666666666666668,24.333333333333332,21.714285714285715,23.285714285714285,26.833333333333332,25.166666666666668,20.125,19.625,25.5,0.0,0.0,0.0,0.0,0.0,0.0,0.0,0.0,0.0,0.0,0.0,0.0,0.0,0.0,0.0,0.0
0.0,0.0,0.0,0.0,0.0,0.0,0.0,0.0,0.0,0.0,0.0,0.0,0.0,0.0,0.0,0.0,0.0,0.0,0.0,0.0,0.0,0.0,0.0,23.857142857142858,22.25,30.0,22.625,35.6,34.8,43.25,33.6,43.5,59.333333333333336,35.0,29.0,28.666666666666668,23.571428571428573,20.75,20.25,21.428571428571427,24.666666666666668,21.0,24.5,19.375,20.0,32.4,23.285714285714285,28.0,27.166666666666668,0.0,0.0,0.0,0.0,0.0,0.0,0.0,0.0,0.0,0.0,0.0,0.0,0.0,0.0,0.0,0.0,0.0
0.0,0.0,0.0,0.0,0.0,0.0,0.0,0.0,0.0,0.0,0.0,0.0,0.0,0.0,0.0,0.0,0.0,0.0,0.0,0.0,0.0,0.0,0.0,0.0,0.0,23.5,27.571428571428573,27.285714285714285,25.714285714285715,36.2,46.75,45.5,36.8,29.666666666666668,34.8,33.8,28.0,20.375,19.25,21.428571428571427,20.285714285714285,22.833333333333332,23.5,21.285714285714285,20.125,20.125,20.125,23.428571428571427,20.375,0.0,0.0,0.0,0.0,0.0,0.0,0.0,0.0,0.0,0.0,0.0,0.0,0.0,0.0,0.0,0.0,0.0
0.0,0.0,0.0,0.0,0.0,0.0,0.0,0.0,0.0,0.0,0.0,0.0,0.0,0.0,0.0,0.0,0.0,0.0,0.0,0.0,0.0,0.0,0.0,0.0,0.0,0.0,27.285714285714285,26.571428571428573,31.333333333333332,30.333333333333332,37.0,46.25,35.6,34.8,42.75,42.75,26.666666666666668,18.25,19.857142857142858,20.857142857142858,17.0,21.833333333333332,19.857142857142858,24.833333333333332,21.714285714285715,22.285714285714285,22.571428571428573,20.75,24.285714285714285,27.333333333333332,0.0,0.0,0.0,0.0,0.0,0.0,0.0,0.0,0.0,0.0,0.0,0.0,0.0,0.0,0.0,0.0
0.0,0.0,0.0,0.0,0.0,0.0,0.0,0.0,0.0,0.0,0.0,0.0,0.0,0.0,0.0,0.0,0.0,0.0,0.0,0.0,0.0,0.0,0.0,0.0,0.0,0.0,0.0,27.142857142857142,31.5,37.8,37.6,27.0,35.6,34.8,42.75,40.5,30.4,16.0,17.625,19.714285714285715,15.75,19.142857142857142,23.5,27.6,27.8,28.4,29.0,26.166666666666668,26.666666666666668,25.666666666666668,0.0,0.0,0.0,0.0,0.0,0.0,0.0,0.0,0.0,0.0,0.0,0.0,0.0,0.0,0.0,0.0
0.0,0.0,0.0,0.0,0.0,0.0,0.0,0.0,0.0,0.0,0.0,0.0,0.0,0.0,0.0,0.0,0.0,0.0,0.0,0.0,0.0,0.0,0.0,0.0,0.0,0.0,0.0,26.0,37.0,27.142857142857142,23.5,24.875,26.142857142857142,34.2,42.75,39.5,20.857142857142858,16.88888888888889,19.5,15.88888888888889,18.285714285714285,21.333333333333332,25.6,25.8,32.5,35.0,35.0,35.5,34.75,45.0,0.0,0.0,0.0,0.0,0.0,0.0,0.0,0.0,0.0,0.0,0.0,0.0,0.0,0.0,0.0,0.0
0.0,0.0,0.0,0.0,0.0,0.0,0.0,0.0,0.0,0.0,0.0,0.0,0.0,0.0,0.0,0.0,0.0,0.0,0.0,0.0,0.0,0.0,0.0,0.0,0.0,0.0,0.0,0.0,34.8,30.0,36.4,27.285714285714285,31.166666666666668,19.88888888888889,17.555555555555557,22.0,20.0,22.285714285714285,19.625,16.555555555555557,18.75,23.5,34.75,34.5,34.0,32.75,34.75,35.5,35.5,34.75,35.0,27.6,0.0,0.0,0.0,0.0,0.0,0.0,0.0,0.0,0.0,0.0,0.0,0.0,0.0,0.0
0.0,0.0,0.0,0.0,0.0,0.0,0.0,0.0,0.0,0.0,0.0,0.0,0.0,0.0,0.0,0.0,0.0,0.0,0.0,0.0,0.0,0.0,0.0,0.0,0.0,0.0,0.0,0.0,0.0,55.333333333333336,62.333333333333336,60.666666666666664,34.0,24.285714285714285,20.75,20.25,26.5,22.428571428571427,21.857142857142858,21.142857142857142,21.285714285714285,25.0,25.166666666666668,34.75,34.75,33.5,33.25,33.5,33.75,33.5,34.5,35.0,27.8,0.0,0.0,0.0,0.0,0.0,0.0,0.0,0.0,0.0,0.0,0.0,0.0,0.0
0.0,0.0,0.0,0.0,0.0,0.0,0.0,0.0,0.0,0.0,0.0,0.0,0.0,0.0,0.0,0.0,0.0,0.0,0.0,0.0,0.0,0.0,0.0,0.0,0.0,0.0,0.0,0.0,0.0,55.0,59.333333333333336,58.333333333333336,57.0,42.75,23.714285714285715,23.142857142857142,22.571428571428573,30.8,30.0,25.166666666666668,21.857142857142858,25.666666666666668,29.8,35.25,35.25,27.6,26.4,26.8,33.25,34.0,27.0,32.75,32.0,32.5,0.0,0.0,0.0,0.0,0.0,0.0,0.0,0.0,0.0,0.0,0.0,0.0
0.0,0.0,0.0,0.0,0.0,0.0,0.0,0.0,0.0,0.0,0.0,0.0,0.0,0.0,0.0,0.0,0.0,0.0,0.0,0.0,0.0,0.0,0.0,0.0,0.0,0.0,0.0,0.0,40.75,40.75,57.333333333333336,57.0,44.25,29.166666666666668,33.6,26.833333333333332,26.0,21.285714285714285,24.666666666666668,25.166666666666668,25.5,21.571428571428573,21.142857142857142,23.333333333333332,28.2,26.0,25.8,26.4,26.0,22.5,22.5,21.666666666666668,31.25,29.75,0.0,0.0,0.0,0.0,0.0,0.0,0.0,0.0,0.0,0.0,0.0,0.0
0.0,0.0,0.0,0.0,0.0,0.0,0.0,0.0,0.0,0.0,0.0,0.0,0.0,0.0,0.0,0.0,0.0,0.0,0.0,0.0,0.0,0.0,0.0,0.0,0.0,0.0,0.0,0.0,32.6,28.166666666666668,35.2,55.333333333333336,43.5,43.75,33.2,26.333333333333332,25.333333333333332,21.142857142857142,24.333333333333332,24.5,20.857142857142858,21.0,20.428571428571427,17.375,16.25,18.142857142857142,17.714285714285715,15.75,19.428571428571427,19.714285714285715,23.666666666666668,34.5,29.0,22.0,17.857142857142858,0.0,0.0,0.0,0.0,0.0,0.0,0.0,0.0,0.0,0.0,0.0
0.0,0.0,0.0,0.0,0.0,0.0,0.0,0.0,0.0,0.0,0.0,0.0,0.0,0.0,0.0,0.0,0.0,0.0,0.0,0.0,0.0,0.0,0.0,0.0,0.0,0.0,0.0,0.0,32.4,32.2,27.666666666666668,33.6,27.666666666666668,34.0,22.857142857142858,21.142857142857142,15.444444444444445,13.11111111111111,16.125,16.25,22.166666666666668,23.333333333333332,23.166666666666668,23.166666666666668,22.333333333333332,22.333333333333332,22.166666666666668,22.333333333333332,22.666666666666668,19.857142857142858,13.2,26.6,25.8,21.333333333333332,21.5,20.714285714285715,0.0,0.0,0.0,0.0,0.0,0.0,0.0,0.0,0.0,0.0
0.0,0.0,0.0,0.0,0.0,0.0,0.0,0.0,0.0,0.0,0.0,0.0,0.0,0.0,0.0,0.0,0.0,0.0,0.0,0.0,0.0,0.0,0.0,0.0,0.0,0.0,0.0,0.0,36.0,34.25,24.333333333333332,21.0,26.5,25.833333333333332,25.666666666666668,20.857142857142858,12.7,11.1,16.142857142857142,19.166666666666668,15.625,17.857142857142858,18.285714285714285,18.714285714285715,18.714285714285715,19.285714285714285,17.25,17.5,19.428571428571427,18.714285714285715,19.714285714285715,18.857142857142858,34.5,25.6,23.0,29.8,0.0,0.0,0.0,0.0,0.0,0.0,0.0,0.0,0.0,0.0
0.0,0.0,0.0,0.0,0.0,0.0,0.0,0.0,0.0,0.0,0.0,0.0,0.0,0.0,0.0,0.0,0.0,0.0,0.0,0.0,0.0,0.0,0.0,0.0,0.0,0.0,0.0,0.0,23.666666666666668,26.2,32.25,23.5,21.571428571428573,30.6,22.0,17.75,12.88888888888889,13.625,15.714285714285714,16.142857142857142,14.375,17.285714285714285,17.142857142857142,16.125,16.875,16.875,16.5,15.625,19.142857142857142,19.285714285714285,18.142857142857142,22.0,26.0,20.166666666666668,22.166666666666668,0.0,0.0,0.0,0.0,0.0,0.0,0.0,0.0,0.0,0.0,0.0
0.0,0.0,0.0,0.0,0.0,0.0,0.0,0.0,0.0,0.0,0.0,0.0,0.0,0.0,0.0,0.0,0.0,0.0,0.0,0.0,0.0,0.0,0.0,0.0,0.0,0.0,0.0,0.0,0.0,21.833333333333332,23.0,28.2,21.428571428571427,15.2,11.833333333333334,11.818181818181818,11.8,13.5,13.625,13.0,13.333333333333334,14.375,14.75,14.555555555555555,16.625,16.75,16.0,9.615384615384615,12.4,14.0,17.428571428571427,25.0,19.666666666666668,19.166666666666668,17.142857142857142,0.0,0.0,0.0,0.0,0.0,0.0,0.0,0.0,0.0,0.0,0.0
0.0,0.0,0.0,0.0,0.0,0.0,0.0,0.0,0.0,0.0,0.0,0.0,0.0,0.0,0.0,0.0,0.0,0.0,0.0,0.0,0.0,0.0,0.0,0.0,0.0,0.0,0.0,0.0,0.0,24.166666666666668,33.0,31.75,16.333333333333332,13.8,11.416666666666666,11.0,11.545454545454545,10.818181818181818,13.222222222222221,13.11111111111111,14.625,15.125,17.142857142857142,14.222222222222221,16.0,16.5,14.75,14.875,12.555555555555555,16.428571428571427,17.285714285714285,14.5,17.333333333333332,15.0,0.0,0.0,0.0,0.0,0.0,0.0,0.0,0.0,0.0,0.0,0.0,0.0
0.0,0.0,0.0,0.0,0.0,0.0,0.0,0.0,0.0,0.0,0.0,0.0,0.0,0.0,0.0,0.0,0.0,0.0,0.0,0.0,0.0,0.0,0.0,0.0,0.0,0.0,0.0,0.0,19.75,18.5,15.777777777777779,16.875,19.571428571428573,14.0,10.214285714285714,10.384615384615385,10.833333333333334,12.7,12.5,15.375,15.375,17.428571428571427,17.0,15.875,15.5,14.5,16.428571428571427,16.714285714285715,12.666666666666666,13.333333333333334,19.666666666666668,17.0,17.0,17.0,0.0,0.0,0.0,0.0,0.0,0.0,0.0,0.0,0.0,0.0,0.0,0.0
0.0,0.0,0.0,0.0,0.0,0.0,0.0,0.0,0.0,0.0,0.0,0.0,0.0,0.0,0.0,0.0,0.0,0.0,0.0,0.0,0.0,0.0,0.0,0.0,0.0,0.0,0.0,0.0,24.142857142857142,18.11111111111111,14.8,20.142857142857142,20.285714285714285,17.875,10.384615384615385,10.615384615384615,12.454545454545455,11.5,14.666666666666666,15.75,14.222222222222221,14.444444444444445,16.375,15.875,15.857142857142858,15.857142857142858,19.8,15.714285714285714,15.857142857142858,15.0,17.285714285714285,15.0,16.5,0.0,0.0,0.0,0.0,0.0,0.0,0.0,0.0,0.0,0.0,0.0,0.0,0.0
0.0,0.0,0.0,0.0,0.0,0.0,0.0,0.0,0.0,0.0,0.0,0.0,0.0,0.0,0.0,0.0,0.0,0.0,0.0,0.0,0.0,0.0,0.0,0.0,0.0,0.0,0.0,0.0,0.0,19.75,21.428571428571427,21.714285714285715,15.0,13.0,14.7,13.090909090909092,13.0,15.333333333333334,13.2,14.11111111111111,16.5,16.75,18.0,20.5,13.0,14.714285714285714,16.333333333333332,17.666666666666668,18.5,22.8,23.4,17.666666666666668,17.833333333333332,0.0,0.0,0.0,0.0,0.0,0.0,0.0,0.0,0.0,0.0,0.0,0.0,0.0
0.0,0.0,0.0,0.0,0.0,0.0,0.0,0.0,0.0,0.0,0.0,0.0,0.0,0.0,0.0,0.0,0.0,0.0,0.0,0.0,0.0,0.0,0.0,0.0,0.0,0.0,0.0,0.0,0.0,22.285714285714285,17.555555555555557,14.181818181818182,16.11111111111111,49.333333333333336,21.571428571428573,16.4,13.727272727272727,15.555555555555555,15.0,14.88888888888889,14.88888888888889,16.375,16.25,17.571428571428573,18.5,15.571428571428571,18.5,18.5,22.4,19.166666666666668,23.0,13.625,0.0,0.0,0.0,0.0,0.0,0.0,0.0,0.0,0.0,0.0,0.0,0.0,0.0,0.0
0.0,0.0,0.0,0.0,0.0,0.0,0.0,0.0,0.0,0.0,0.0,0.0,0.0,0.0,0.0,0.0,0.0,0.0,0.0,0.0,0.0,0.0,0.0,0.0,0.0,0.0,0.0,0.0,0.0,0.0,19.25,13.0,49.333333333333336,48.333333333333336,26.833333333333332,19.875,13.0,12.25,11.5,20.142857142857142,19.857142857142858,14.555555555555555,14.444444444444445,18.0,17.428571428571427,14.5,15.714285714285714,19.166666666666668,22.4,18.333333333333332,18.166666666666668,23.2,0.0,0.0,0.0,0.0,0.0,0.0,0.0,0.0,0.0,0.0,0.0,0.0,0.0,0.0
0.0,0.0,0.0,0.0,0.0,0.0,0.0,0.0,0.0,0.0,0.0,0.0,0.0,0.0,0.0,0.0,0.0,0.0,0.0,0.0,0.0,0.0,0.0,0.0,0.0,0.0,0.0,0.0,0.0,17.875,15.1,14.5,17.0,39.75,17.22222222222222,17.555555555555557,14.363636363636363,11.461538461538462,12.0,15.0,18.428571428571427,18.714285714285715,14.777777777777779,18.857142857142858,13.88888888888889,11.727272727272727,13.88888888888889,15.142857142857142,14.857142857142858,21.0,22.4,16.0,13.875,0.0,0.0,0.0,0.0,0.0,0.0,0.0,0.0,0.0,0.0,0.0,0.0,0.0
0.0,0.0,0.0,0.0,0.0,0.0,0.0,0.0,0.0,0.0,0.0,0.0,0.0,0.0,0.0,0.0,0.0,0.0,0.0,0.0,0.0,0.0,0.0,0.0,0.0,0.0,0.0,0.0,0.0,17.666666666666668,14.090909090909092,22.285714285714285,19.375,21.714285714285715,15.4,14.545454545454545,11.357142857142858,11.923076923076923,13.4,16.375,15.875,20.0,15.625,15.875,10.833333333333334,13.6,16.5,13.11111111111111,15.714285714285714,21.0,17.0,20.4,17.833333333333332,0.0,0.0,0.0,0.0,0.0,0.0,0.0,0.0,0.0,0.0,0.0,0.0,0.0
0.0,0.0,0.0,0.0,0.0,0.0,0.0,0.0,0.0,0.0,0.0,0.0,0.0,0.0,0.0,0.0,0.0,0.0,0.0,0.0,0.0,0.0,0.0,0.0,0.0,0.0,0.0,0.0,0.0,16.666666666666668,15.777777777777779,24.0,24.833333333333332,21.714285714285715,18.22222222222222,15.6,10.333333333333334,15.7,20.0,13.88888888888889,15.75,16.571428571428573,15.625,15.75,14.0,14.3,12.083333333333334,16.88888888888889,15.625,12.88888888888889,12.222222222222221,17.833333333333332,16.833333333333332,25.0,0.0,0.0,0.0,0.0,0.0,0.0,0.0,0.0,0.0,0.0,0.0,0.0
0.0,0.0,0.0,0.0,0.0,0.0,0.0,0.0,0.0,0.0,0.0,0.0,0.0,0.0,0.0,0.0,0.0,0.0,0.0,0.0,0.0,0.0,0.0,0.0,0.0,0.0,0.0,0.0,8.066666666666666,10.090909090909092,10.636363636363637,14.2,19.857142857142858,17.0,14.181818181818182,14.727272727272727,15.6,14.090909090909092,15.777777777777779,14.11111111111111,16.625,14.88888888888889,18.857142857142858,13.555555555555555,12.4,13.818181818181818,19.5,14.4,16.625,13.1,15.0,11.9,15.0,11.875,11.75,0.0,0.0,0.0,0.0,0.0,0.0,0.0,0.0,0.0,0.0,0.0
0.0,0.0,0.0,0.0,0.0,0.0,0.0,0.0,0.0,0.0,0.0,0.0,0.0,0.0,0.0,0.0,0.0,0.0,0.0,0.0,0.0,0.0,0.0,0.0,0.0,0.0,0.0,0.0,6.153846153846154,6.3076923076923075,5.5,9.5,11.5,10.928571428571429,13.545454545454545,16.77777777777778,16.77777777777778,16.333333333333332,16.625,14.222222222222221,15.666666666666666,18.285714285714285,24.2,15.857142857142858,15.571428571428571,16.5,17.25,17.875,23.0,17.125,16.0,15.375,9.5,10.0,13.25,0.0,0.0,0.0,0.0,0.0,0.0,0.0,0.0,0.0,0.0,0.0
0.0,0.0,0.0,0.0,0.0,0.0,0.0,0.0,0.0,0.0,0.0,0.0,0.0,0.0,0.0,0.0,0.0,0.0,0.0,0.0,0.0,0.0,0.0,0.0,0.0,0.0,0.0,0.0,5.818181818181818,5.2727272727272725,6.7,7.916666666666667,12.0,16.555555555555557,15.444444444444445,17.25,18.625,20.428571428571427,18.125,17.25,17.375,21.166666666666668,28.75,21.4,17.166666666666668,18.714285714285715,19.857142857142858,24.166666666666668,23.0,16.625,14.555555555555555,15.11111111111111,11.636363636363637,10.454545454545455,14.375,0.0,0.0,0.0,0.0,0.0,0.0,0.0,0.0,0.0,0.0,0.0
0.0,0.0,0.0,0.0,0.0,0.0,0.0,0.0,0.0,0.0,0.0,0.0,0.0,0.0,0.0,0.0,0.0,0.0,0.0,0.0,0.0,0.0,0.0,0.0,0.0,0.0,0.0,0.0,8.571428571428571,7.625,6.4,8.363636363636363,9.23076923076923,13.545454545454545,14.8,16.333333333333332,15.555555555555555,16.875,19.285714285714285,16.375,12.727272727272727,19.428571428571427,20.666666666666668,20.0,21.666666666666668,19.142857142857142,20.0,24.166666666666668,19.285714285714285,16.0,14.333333333333334,13.4,12.6,10.5,11.909090909090908,12.4,0.0,0.0,0.0,0.0,0.0,0.0,0.0,0.0,0.0,0.0
0.0,0.0,0.0,0.0,0.0,0.0,0.0,0.0,0.0,0.0,0.0,0.0,0.0,0.0,0.0,0.0,0.0,0.0,0.0,0.0,0.0,0.0,0.0,0.0,0.0,0.0,0.0,0.0,0.0,8.166666666666666,10.571428571428571,7.666666666666667,9.636363636363637,12.090909090909092,13.1,15.11111111111111,17.5,19.571428571428573,19.0,22.166666666666668,20.571428571428573,29.2,30.2,24.666666666666668,22.5,22.666666666666668,19.571428571428573,20.0,17.125,13.88888888888889,10.818181818181818,13.222222222222221,13.222222222222221,12.7,13.3,13.4,0.0,0.0,0.0,0.0,0.0,0.0,0.0,0.0,0.0,0.0
0.0,0.0,0.0,0.0,0.0,0.0,0.0,0.0,0.0,0.0,0.0,0.0,0.0,0.0,0.0,0.0,0.0,0.0,0.0,0.0,0.0,0.0,0.0,0.0,0.0,0.0,0.0,0.0,0.0,11.0,9.428571428571429,6.153846153846154,9.727272727272727,10.818181818181818,9.0,10.583333333333334,16.25,18.857142857142858,16.875,20.857142857142858,20.571428571428573,24.0,28.8,24.5,23.0,23.166666666666668,22.166666666666668,21.833333333333332,17.857142857142858,15.25,11.555555555555555,17.333333333333332,13.0,11.818181818181818,11.076923076923077,12.818181818181818,11.583333333333334,0.0,0.0,0.0,0.0,0.0,0.0,0.0,0.0,0.0
0.0,0.0,0.0,0.0,0.0,0.0,0.0,0.0,0.0,0.0,0.0,0.0,0.0,0.0,0.0,0.0,0.0,0.0,0.0,0.0,0.0,0.0,0.0,0.0,0.0,0.0,0.0,0.0,0.0,0.0,8.25,5.538461538461538,7.166666666666667,8.181818181818182,7.818181818181818,9.1,13.25,15.5,16.875,20.285714285714285,24.0,19.857142857142858,24.0,29.2,22.5,18.714285714285715,18.714285714285715,18.857142857142858,21.333333333333332,17.571428571428573,14.428571428571429,23.25,15.571428571428571,14.5,13.090909090909092,13.636363636363637,13.9,0.0,0.0,0.0,0.0,0.0,0.0,0.0,0.0,0.0
0.0,0.0,0.0,0.0,0.0,0.0,0.0,0.0,0.0,0.0,0.0,0.0,0.0,0.0,0.0,0.0,0.0,0.0,0.0,0.0,0.0,0.0,0.0,0.0,0.0,0.0,0.0,0.0,0.0,0.0,4.75,5.25,7.090909090909091,7.6,7.090909090909091,8.4,12.625,16.142857142857142,16.25,17.75,19.857142857142858,27.2,28.2,24.333333333333332,22.0,21.5,18.428571428571427,17.857142857142858,17.857142857142858,13.555555555555555,14.0,21.75,16.333333333333332,15.333333333333334,15.0,12.181818181818182,13.3,0.0,0.0,0.0,0.0,0.0,0.0,0.0,0.0,0.0
0.0,0.0,0.0,0.0,0.0,0.0,0.0,0.0,0.0,0.0,0.0,0.0,0.0,0.0,0.0,0.0,0.0,0.0,0.0,0.0,0.0,0.0,0.0,0.0,0.0,0.0,0.0,0.0,0.0,0.0,7.2727272727272725,7.166666666666667,9.11111111111111,8.7,8.181818181818182,9.444444444444445,12.25,18.0,19.5,18.714285714285715,23.0,26.8,28.4,23.166666666666668,17.285714285714285,15.0,15.875,19.666666666666668,17.285714285714285,15.375,15.5,16.428571428571427,15.142857142857142,17.857142857142858,13.777777777777779,12.6,15.625,15.75,0.0,0.0,0.0,0.0,0.0,0.0,0.0,0.0
0.0,0.0,0.0,0.0,0.0,0.0,0.0,0.0,0.0,0.0,0.0,0.0,0.0,0.0,0.0,0.0,0.0,0.0,0.0,0.0,0.0,0.0,0.0,0.0,0.0,0.0,0.0,0.0,0.0,0.0,7.833333333333333,0.0,11.444444444444445,15.857142857142858,13.0,12.125,15.428571428571429,11.444444444444445,19.0,19.833333333333332,16.625,16.75,20.285714285714285,19.571428571428573,15.375,14.11111111111111,17.857142857142858,19.666666666666668,23.2,21.0,20.333333333333332,15.5,15.5,11.181818181818182,14.875,15.0,15.5,15.5,0.0,0.0,0.0,0.0,0.0,0.0,0.0,0.0
0.0,0.0,0.0,0.0,0.0,0.0,0.0,0.0,0.0,0.0,0.0,0.0,0.0,0.0,0.0,0.0,0.0,0.0,0.0,0.0,0.0,0.0,0.0,0.0,0.0,0.0,0.0,0.0,0.0,0.0,0.0,0.0,0.0,0.0,13.333333333333334,13.875,13.375,13.375,14.25,11.8,12.0,16.125,17.25,17.25,16.75,16.375,17.428571428571427,13.11111111111111,15.0,15.857142857142858,16.428571428571427,13.777777777777779,16.25,11.727272727272727,13.222222222222221,12.0,0.0,0.0,0.0,0.0,0.0,0.0,0.0,0.0,0.0,0.0
0.0,0.0,0.0,0.0,0.0,0.0,0.0,0.0,0.0,0.0,0.0,0.0,0.0,0.0,0.0,0.0,0.0,0.0,0.0,0.0,0.0,0.0,0.0,0.0,0.0,0.0,0.0,0.0,0.0,0.0,0.0,0.0,0.0,0.0,0.0,13.875,12.222222222222221,10.9,13.875,13.333333333333334,12.0,13.444444444444445,13.8,15.555555555555555,12.272727272727273,14.222222222222221,13.88888888888889,18.5,15.142857142857142,21.6,17.0,14.666666666666666,14.666666666666666,17.0,10.333333333333334,9.615384615384615,0.0,0.0,0.0,0.0,0.0,0.0,0.0,0.0,0.0,0.0
0.0,0.0,0.0,0.0,0.0,0.0,0.0,0.0,0.0,0.0,0.0,0.0,0.0,0.0,0.0,0.0,0.0,0.0,0.0,0.0,0.0,0.0,0.0,0.0,0.0,0.0,0.0,0.0,0.0,0.0,0.0,0.0,0.0,0.0,0.0,13.25,11.666666666666666,11.222222222222221,11.0,12.333333333333334,11.2,10.25,16.666666666666668,15.3,15.555555555555555,12.181818181818182,13.88888888888889,16.142857142857142,18.333333333333332,26.5,15.25,21.571428571428573,19.857142857142858,14.11111111111111,18.0,13.2,0.0,0.0,0.0,0.0,0.0,0.0,0.0,0.0,0.0,0.0
0.0,0.0,0.0,0.0,0.0,0.0,0.0,0.0,0.0,0.0,0.0,0.0,0.0,0.0,0.0,0.0,0.0,0.0,0.0,0.0,0.0,0.0,0.0,0.0,0.0,0.0,0.0,0.0,0.0,0.0,0.0,0.0,0.0,0.0,0.0,12.625,8.25,15.285714285714286,13.714285714285714,12.375,11.555555555555555,8.692307692307692,15.4,15.9,12.583333333333334,10.846153846153847,10.333333333333334,11.4,13.75,12.333333333333334,13.7,18.375,20.857142857142858,17.375,13.444444444444445,14.444444444444445,0.0,0.0,0.0,0.0,0.0,0.0,0.0,0.0,0.0,0.0
0.0,0.0,0.0,0.0,0.0,0.0,0.0,0.0,0.0,0.0,0.0,0.0,0.0,0.0,0.0,0.0,0.0,0.0,0.0,0.0,0.0,0.0,0.0,0.0,0.0,0.0,0.0,0.0,0.0,0.0,0.0,0.0,0.0,0.0,0.0,11.444444444444445,9.4,10.3,11.625,11.875,12.0,11.444444444444445,9.866666666666667,15.363636363636363,13.666666666666666,11.153846153846153,8.928571428571429,9.692307692307692,9.083333333333334,8.615384615384615,13.3,18.125,18.125,23.0,13.3,11.818181818181818,0.0,0.0,0.0,0.0,0.0,0.0,0.0,0.0,0.0,0.0
0.0,0.0,0.0,0.0,0.0,0.0,0.0,0.0,0.0,0.0,0.0,0.0,0.0,0.0,0.0,0.0,0.0,0.0,0.0,0.0,0.0,0.0,0.0,0.0,0.0,0.0,0.0,0.0,0.0,0.0,0.0,0.0,0.0,0.0,0.0,13.777777777777779,13.25,10.555555555555555,12.125,12.571428571428571,11.75,10.7,10.461538461538462,18.666666666666668,16.2,20.428571428571427,8.642857142857142,11.636363636363637,8.5,9.25,11.818181818181818,19.0,24.5,19.142857142857142,18.285714285714285,11.545454545454545,14.666666666666666,0.0,0.0,0.0,0.0,0.0,0.0,0.0,0.0,0.0
0.0,0.0,0.0,0.0,0.0,0.0,0.0,0.0,0.0,0.0,0.0,0.0,0.0,0.0,0.0,0.0,0.0,0.0,0.0,0.0,0.0,0.0,0.0,0.0,0.0,0.0,0.0,0.0,0.0,0.0,0.0,0.0,8.777777777777779,12.9,0.0,13.555555555555555,13.222222222222221,11.555555555555555,12.142857142857142,12.714285714285714,10.375,12.875,9.538461538461538,16.22222222222222,15.1,18.0,17.75,11.727272727272727,9.214285714285714,7.8,8.428571428571429,11.0,15.5,16.25,17.125,14.1,0.0,0.0,0.0,0.0,0.0,0.0,0.0,0.0,0.0,0.0
0.0,0.0,0.0,0.0,0.0,0.0,0.0,0.0,0.0,0.0,0.0,0.0,0.0,0.0,0.0,0.0,0.0,0.0,0.0,0.0,0.0,0.0,0.0,0.0,0.0,0.0,0.0,0.0,0.0,0.0,0.0,0.0,11.1,0.0,0.0,0.0,12.5,11.777777777777779,9.625,11.125,13.142857142857142,16.166666666666668,12.88888888888889,8.733333333333333,9.928571428571429,21.333333333333332,21.0,11.1,9.583333333333334,7.714285714285714,7.538461538461538,8.0,10.555555555555555,10.666666666666666,14.142857142857142,11.9,0.0,0.0,0.0,0.0,0.0,0.0,0.0,0.0,0.0,0.0
0.0,0.0,0.0,0.0,0.0,0.0,0.0,0.0,0.0,0.0,0.0,0.0,0.0,0.0,0.0,0.0,0.0,0.0,0.0,0.0,0.0,0.0,0.0,0.0,0.0,0.0,0.0,0.0,0.0,0.0,0.0,0.0,18.375,20.571428571428573,21.142857142857142,17.375,12.6,13.333333333333334,12.857142857142858,12.857142857142858,11.75,12.857142857142858,11.88888888888889,10.727272727272727,7.928571428571429,6.8125,8.076923076923077,8.636363636363637,6.142857142857143,8.25,12.555555555555555,14.125,17.5,14.571428571428571,13.428571428571429,11.88888888888889,0.0,0.0,0.0,0.0,0.0,0.0,0.0,0.0,0.0,0.0
0.0,0.0,0.0,0.0,0.0,0.0,0.0,0.0,0.0,0.0,0.0,0.0,0.0,0.0,0.0,0.0,0.0,0.0,0.0,0.0,0.0,0.0,0.0,0.0,0.0,0.0,0.0,0.0,0.0,0.0,0.0,0.0,18.25,24.166666666666668,25.333333333333332,19.428571428571427,10.23076923076923,14.25,14.166666666666666,10.875,11.25,10.555555555555555,9.7,11.88888888888889,8.363636363636363,7.5,5.714285714285714,5.916666666666667,6.833333333333333,8.25,12.555555555555555,17.5,17.5,10.444444444444445,12.0,8.9,12.8,17.125,0.0,0.0,0.0,0.0,0.0,0.0,0.0,0.0
0.0,0.0,0.0,0.0,0.0,0.0,0.0,0.0,0.0,0.0,0.0,0.0,0.0,0.0,0.0,0.0,0.0,0.0,0.0,0.0,0.0,0.0,0.0,0.0,0.0,0.0,0.0,0.0,0.0,0.0,0.0,20.25,17.333333333333332,21.714285714285715,33.5,21.666666666666668,20.833333333333332,19.666666666666668,10.555555555555555,10.777777777777779,13.142857142857142,10.555555555555555,11.0,10.2,8.6,9.4,5.214285714285714,6.181818181818182,7.888888888888889,8.181818181818182,9.6,11.875,13.0,12.142857142857142,11.571428571428571,10.75,10.909090909090908,12.272727272727273,0.0,0.0,0.0,0.0,0.0,0.0,0.0,0.0
0.0,0.0,0.0,0.0,0.0,0.0,0.0,0.0,0.0,0.0,0.0,0.0,0.0,0.0,0.0,0.0,0.0,0.0,0.0,0.0,0.0,0.0,0.0,0.0,0.0,0.0,0.0,0.0,0.0,0.0,24.0,26.5,17.88888888888889,25.5,19.714285714285715,21.333333333333332,22.4,24.4,13.11111111111111,13.375,13.0,13.0,12.5,11.375,13.0,9.222222222222221,6.333333333333333,6.8,6.545454545454546,7.333333333333333,14.285714285714286,13.857142857142858,9.333333333333334,11.428571428571429,8.875,7.9,10.5,10.636363636363637,0.0,0.0,0.0,0.0,0.0,0.0,0.0,0.0
0.0,0.0,0.0,0.0,0.0,0.0,0.0,0.0,0.0,0.0,0.0,0.0,0.0,0.0,0.0,0.0,0.0,0.0,0.0,0.0,0.0,0.0,0.0,0.0,0.0,0.0,0.0,0.0,0.0,0.0,20.375,21.428571428571427,18.75,18.25,19.428571428571427,21.666666666666668,18.0,12.9,16.125,16.142857142857142,15.714285714285714,14.285714285714286,11.625,13.25,11.444444444444445,10.75,11.285714285714286,8.666666666666666,5.076923076923077,6.846153846153846,8.545454545454545,9.333333333333334,6.2,6.5,9.142857142857142,7.777777777777778,13.25,12.0,0.0,0.0,0.0,0.0,0.0,0.0,0.0,0.0
0.0,0.0,0.0,0.0,0.0,0.0,0.0,0.0,0.0,0.0,0.0,0.0,0.0,0.0,0.0,0.0,0.0,0.0,0.0,0.0,0.0,0.0,0.0,0.0,0.0,0.0,0.0,0.0,0.0,12.909090909090908,18.75,18.5,17.875,20.142857142857142,15.555555555555555,17.125,16.625,15.222222222222221,17.428571428571427,11.88888888888889,12.222222222222221,16.5,19.6,16.833333333333332,13.75,11.0,13.714285714285714,8.3,6.166666666666667,7.416666666666667,7.25,10.375,6.2727272727272725,13.4,17.0,13.714285714285714,12.75,13.444444444444445,0.0,0.0,0.0,0.0,0.0,0.0,0.0,0.0
0.0,0.0,0.0,0.0,0.0,0.0,0.0,0.0,0.0,0.0,0.0,0.0,0.0,0.0,0.0,0.0,0.0,0.0,0.0,0.0,0.0,0.0,0.0,0.0,0.0,0.0,0.0,0.0,14.0,13.625,15.375,18.0,23.666666666666668,17.875,18.0,18.375,21.714285714285715,20.857142857142858,15.75,12.625,11.11111111111111,12.875,13.714285714285714,21.0,17.333333333333332,10.4,11.0,8.0,14.571428571428571,11.75,10.4,5.466666666666667,8.3,17.5,14.2,12.25,14.714285714285714,12.555555555555555,22.2,0.0,0.0,0.0,0.0,0.0,0.0,0.0
0.0,0.0,0.0,0.0,0.0,0.0,0.0,0.0,0.0,0.0,0.0,0.0,0.0,0.0,0.0,0.0,0.0,0.0,0.0,0.0,0.0,0.0,0.0,0.0,0.0,0.0,0.0,12.444444444444445,31.333333333333332,14.285714285714286,17.333333333333332,15.25,17.125,13.9,17.75,19.875,33.8,25.666666666666668,21.5,16.571428571428573,13.75,22.0,15.571428571428571,17.0,14.571428571428571,12.0,22.0,14.75,11.6,14.25,11.2,11.11111111111111,10.666666666666666,13.142857142857142,17.2,14.5,10.5,12.555555555555555,13.375,15.285714285714286,0.0,0.0,0.0,0.0,0.0,0.0
0.0,0.0,0.0,0.0,0.0,0.0,0.0,0.0,0.0,0.0,0.0,0.0,0.0,0.0,0.0,0.0,0.0,0.0,0.0,0.0,0.0,0.0,0.0,0.0,0.0,0.0,0.0,13.714285714285714,12.375,14.285714285714286,14.0,17.714285714285715,15.11111111111111,17.75,17.11111111111111,20.5,28.5,18.0,16.375,20.0,14.555555555555555,18.285714285714285,14.857142857142858,12.375,14.714285714285714,12.857142857142858,14.142857142857142,10.727272727272727,10.25,16.0,14.0,11.1,14.0,12.714285714285714,16.4,13.666666666666666,11.333333333333334,14.714285714285714,11.555555555555555,11.555555555555555,8.909090909090908,0.0,0.0,0.0,0.0,0.0
0.0,0.0,0.0,0.0,0.0,0.0,0.0,0.0,0.0,0.0,0.0,0.0,0.0,0.0,0.0,0.0,0.0,0.0,0.0,0.0,0.0,0.0,0.0,0.0,0.0,18.0,12.666666666666666,7.5,10.444444444444445,13.0,14.0,22.5,11.727272727272727,16.125,17.0,18.444444444444443,23.142857142857142,20.142857142857142,18.125,21.833333333333332,16.125,20.666666666666668,13.5,10.75,10.5,12.25,11.0,11.375,13.88888888888889,17.375,16.25,11.181818181818182,9.181818181818182,10.0,11.125,14.666666666666666,8.818181818181818,9.0,11.875,13.142857142857142,13.0,0.0,0.0,0.0,0.0,0.0
0.0,0.0,0.0,0.0,0.0,0.0,0.0,0.0,0.0,0.0,0.0,0.0,0.0,0.0,0.0,0.0,0.0,0.0,0.0,0.0,0.0,0.0,0.0,0.0,16.857142857142858,12.9,13.75,9.4,9.444444444444445,9.5,10.7,13.11111111111111,14.444444444444445,15.333333333333334,16.22222222222222,14.1,13.333333333333334,15.444444444444445,18.714285714285715,15.375,15.571428571428571,21.8,13.833333333333334,14.0,11.142857142857142,9.8,10.222222222222221,12.714285714285714,9.076923076923077,11.416666666666666,9.833333333333334,11.272727272727273,10.727272727272727,14.285714285714286,10.11111111111111,14.0,18.0,14.857142857142858,10.4,11.875,0.0,0.0,0.0,0.0,0.0,0.0
0.0,0.0,0.0,0.0,0.0,0.0,0.0,0.0,0.0,0.0,0.0,0.0,0.0,0.0,0.0,0.0,0.0,0.0,0.0,0.0,0.0,0.0,15.75,9.1,12.0,11.777777777777779,8.333333333333334,8.666666666666666,17.5,13.5,15.666666666666666,11.5,13.222222222222221,16.125,16.0,17.714285714285715,20.5,20.5,17.333333333333332,19.5,21.0,19.0,13.833333333333334,15.2,9.75,20.4,12.75,8.9,6.928571428571429,9.846153846153847,9.23076923076923,14.0,9.25,12.625,15.0,17.4,16.6,15.833333333333334,19.4,0.0,0.0,0.0,0.0,0.0,0.0,0.0
0.0,0.0,0.0,0.0,0.0,0.0,0.0,0.0,0.0,0.0,0.0,0.0,0.0,0.0,0.0,0.0,0.0,0.0,0.0,0.0,0.0,15.25,13.333333333333334,12.777777777777779,9.666666666666666,11.777777777777779,8.583333333333334,13.571428571428571,12.666666666666666,16.2,17.6,14.142857142857142,10.181818181818182,14.0,11.454545454545455,12.777777777777779,21.6,17.5,19.8,15.166666666666666,17.0,12.0,13.5,15.4,11.125,16.2,16.0,8.0,6.916666666666667,8.285714285714286,10.416666666666666,11.363636363636363,14.5,13.125,18.4,20.75,28.666666666666668,14.833333333333334,18.8,0.0,0.0,0.0,0.0,0.0,0.0,0.0
0.0,0.0,0.0,0.0,0.0,0.0,0.0,0.0,0.0,0.0,0.0,0.0,0.0,0.0,0.0,0.0,0.0,0.0,0.0,0.0,0.0,17.571428571428573,17.571428571428573,17.125,10.090909090909092,11.4,9.818181818181818,10.6,13.714285714285714,18.4,11.75,14.714285714285714,15.571428571428571,11.444444444444445,8.76923076923077,13.75,11.666666666666666,12.625,15.5,15.285714285714286,13.142857142857142,10.5,11.285714285714286,10.571428571428571,6.6923076923076925,12.166666666666666,14.6,8.666666666666666,7.2727272727272725,7.3076923076923075,8.538461538461538,14.625,16.0,15.857142857142858,18.4,17.6,28.666666666666668,17.8,0.0,0.0,0.0,0.0,0.0,0.0,0.0,0.0
0.0,0.0,0.0,0.0,0.0,0.0,0.0,0.0,0.0,0.0,0.0,0.0,0.0,0.0,0.0,0.0,0.0,0.0,0.0,0.0,16.0,15.0,11.11111111111111,11.1,11.0,18.0,17.5,15.428571428571429,12.0,11.375,10.0,9.0,13.0,14.0,6.642857142857143,8.636363636363637,10.555555555555555,10.11111111111111,14.333333333333334,14.0,15.166666666666666,11.428571428571429,11.428571428571429,6.714285714285714,7.444444444444445,6.090909090909091,7.888888888888889,9.75,7.2727272727272725,6.285714285714286,10.090909090909092,10.5,15.875,13.625,12.285714285714286,17.8,18.2,18.4,16.0,0.0,0.0,0.0,0.0,0.0,0.0,0.0
0.0,0.0,0.0,0.0,0.0,0.0,0.0,0.0,0.0,0.0,0.0,0.0,0.0,10.88888888888889,0.0,0.0,0.0,0.0,0.0,13.0,11.375,8.7,8.454545454545455,17.142857142857142,29.4,23.333333333333332,14.857142857142858,16.666666666666668,9.9,11.75,9.11111111111111,9.818181818181818,15.125,10.5,8.090909090909092,7.25,14.571428571428571,9.777777777777779,10.333333333333334,10.555555555555555,14.5,11.714285714285714,8.875,7.111111111111111,6.909090909090909,7.363636363636363,11.125,7.454545454545454,6.5,7.0,10.5,13.444444444444445,16.0,9.9,12.875,16.333333333333332,19.4,17.0,15.857142857142858,11.5,0.0,0.0,0.0,0.0,0.0,0.0
0.0,0.0,0.0,0.0,0.0,0.0,0.0,0.0,0.0,0.0,0.0,0.0,0.0,0.0,11.285714285714286,0.0,0.0,0.0,15.0,0.0,11.0,14.0,9.11111111111111,14.0,24.4,34.75,18.5,19.2,14.833333333333334,13.142857142857142,13.125,10.666666666666666,14.0,14.571428571428571,11.0,11.75,11.75,12.25,12.625,11.0,12.285714285714286,9.75,9.25,6.090909090909091,8.875,6.384615384615385,10.25,8.333333333333334,6.888888888888889,9.625,8.0,14.125,16.714285714285715,15.142857142857142,11.875,16.5,17.5,23.8,24.2,13.5,11.571428571428571,13.333333333333334,0.0,0.0,0.0,0.0
0.0,0.0,0.0,0.0,0.0,0.0,0.0,0.0,0.0,0.0,0.0,15.2,0.0,0.0,18.0,0.0,14.714285714285714,18.833333333333332,13.5,9.6,10.3,11.375,12.25,20.2,15.857142857142858,18.666666666666668,10.0,19.4,14.5,12.0,11.0,10.88888888888889,14.142857142857142,14.0,12.714285714285714,14.666666666666666,24.5,13.0,11.333333333333334,12.5,8.222222222222221,11.428571428571429,9.375,8.333333333333334,7.75,8.2,16.4,9.0,10.875,7.888888888888889,16.333333333333332,15.125,12.777777777777779,15.428571428571429,11.11111111111111,11.555555555555555,14.5,17.857142857142858,18.142857142857142,18.142857142857142,6.833333333333333,13.142857142857142,13.285714285714286,0.0,0.0,0.0
0.0,0.0,0.0,0.0,0.0,0.0,0.0,0.0,0.0,0.0,0.0,0.0,0.0,0.0,14.571428571428571,20.4,17.5,12.8,11.222222222222221,10.333333333333334,12.625,13.25,26.25,25.5,23.75,19.2,31.0,19.2,12.142857142857142,12.333333333333334,9.777777777777779,8.9,8.6,9.88888888888889,12.571428571428571,17.6,18.0,12.375,10.666666666666666,10.555555555555555,8.777777777777779,9.142857142857142,12.833333333333334,9.25,6.083333333333333,7.416666666666667,10.0,7.25,10.333333333333334,10.555555555555555,18.166666666666668,17.714285714285715,16.857142857142858,14.285714285714286,16.5,12.375,10.272727272727273,15.625,18.714285714285715,13.4,11.777777777777779,10.88888888888889,10.3,9.2,8.5,0.0
0.0,0.0,0.0,0.0,0.0,0.0,0.0,0.0,0.0,0.0,0.0,0.0,0.0,0.0,19.2,17.833333333333332,17.0,14.875,14.571428571428571,13.142857142857142,13.857142857142858,13.375,20.6,25.5,24.0,23.0,31.0,12.857142857142858,8.88888888888889,8.5,9.75,9.333333333333334,6.5,8.222222222222221,6.090909090909091,9.571428571428571,10.375,11.0,11.428571428571429,9.555555555555555,8.4,10.428571428571429,13.0,10.5,9.0,8.2,10.125,11.625,12.875,28.25,15.333333333333334,9.5,7.636363636363637,11.571428571428571,12.857142857142858,11.714285714285714,10.666666666666666,12.88888888888889,14.75,11.818181818181818,14.88888888888889,9.384615384615385,10.363636363636363,10.454545454545455,9.454545454545455,0.0
0.0,0.0,0.0,0.0,0.0,0.0,0.0,0.0,0.0,0.0,0.0,0.0,10.0,9.857142857142858,11.875,15.0,19.0,14.0,14.125,16.571428571428573,11.25,15.0,20.4,23.25,23.25,24.25,19.0,14.166666666666666,8.1,7.666666666666667,9.25,6.0,6.363636363636363,7.888888888888889,7.75,7.142857142857143,11.714285714285714,14.571428571428571,8.4,11.571428571428571,14.166666666666666,10.5,9.3,12.571428571428571,8.272727272727273,10.11111111111111,10.428571428571429,11.857142857142858,17.0,12.625,10.9,12.375,15.333333333333334,19.5,11.285714285714286,10.222222222222221,13.571428571428571,13.0,14.875,12.555555555555555,9.833333333333334,11.8,9.153846153846153,10.272727272727273,9.416666666666666,10.777777777777779
0.0,0.0,0.0,0.0,0.0,0.0,0.0,0.0,0.0,0.0,0.0,0.0,0.0,11.857142857142858,14.428571428571429,14.444444444444445,22.0,22.5,21.428571428571427,14.2,15.11111111111111,22.6,27.25,17.166666666666668,14.333333333333334,16.333333333333332,16.333333333333332,22.25,14.333333333333334,9.666666666666666,11.625,10.875,11.857142857142858,7.5,12.2,12.0,11.5,13.285714285714286,10.777777777777779,7.454545454545454,8.0,10.666666666666666,11.0,11.777777777777779,12.5,14.166666666666666,10.285714285714286,9.5,11.0,11.11111111111111,12.0,14.571428571428571,11.625,16.2,15.714285714285714,15.0,19.166666666666668,16.142857142857142,11.8,11.5,13.5,11.7,10.583333333333334,10.909090909090908,8.153846153846153,9.727272727272727
0.0,0.0,0.0,0.0,0.0,0.0,0.0,0.0,0.0,0.0,0.0,0.0,0.0,13.333333333333334,12.0,23.5,24.5,25.166666666666668,26.5,17.444444444444443,18.875,23.8,23.0,21.2,11.11111111111111,17.166666666666668,19.2,18.4,18.6,19.6,16.6,17.4,15.2,10.714285714285714,6.111111111111111,8.857142857142858,6.555555555555555,6.5,12.125,13.428571428571429,16.0,15.428571428571429,17.142857142857142,15.571428571428571,9.9,12.125,11.125,9.444444444444445,9.5,13.333333333333334,13.0,16.0,18.333333333333332,16.714285714285715,21.333333333333332,21.666666666666668,18.285714285714285,14.0,20.833333333333332,14.555555555555555,13.0,11.090909090909092,11.545454545454545,12.666666666666666,12.666666666666666,13.625
0.0,0.0,0.0,0.0,0.0,0.0,0.0,0.0,0.0,0.0,0.0,0.0,0.0,9.142857142857142,23.6,25.6,28.6,18.5,15.0,20.6,19.833333333333332,22.0,27.5,19.8,13.571428571428571,17.166666666666668,16.166666666666668,17.4,15.333333333333334,14.666666666666666,16.8,15.8,23.666666666666668,17.25,13.8,12.5,9.25,9.857142857142858,10.222222222222221,13.714285714285714,15.714285714285714,22.8,16.857142857142858,18.0,11.5,8.818181818181818,13.375,15.0,15.5,17.571428571428573,16.428571428571427,18.166666666666668,18.666666666666668,20.333333333333332,26.4,24.8,25.4,21.833333333333332,24.8,31.75,9.9,11.2,13.75,15.714285714285714,17.5,17.5
0.0,0.0,0.0,0.0,0.0,0.0,0.0,0.0,0.0,0.0,0.0,0.0,0.0,25.0,26.0,29.5,23.4,13.666666666666666,14.833333333333334,19.8,20.2,19.0,30.0,17.8,15.666666666666666,12.125,16.5,13.142857142857142,16.2,13.0,13.5,15.4,35.5,23.666666666666668,17.75,19.25,13.5,11.428571428571429,11.5,19.4,22.4,15.0,21.0,18.666666666666668,17.666666666666668,14.428571428571429,16.0,25.0,26.0,21.166666666666668,20.666666666666668,23.6,14.142857142857142,20.166666666666668,24.2,24.2,10.545454545454545,11.454545454545455,14.666666666666666,14.333333333333334,13.444444444444445,15.833333333333334,16.166666666666668,19.4,23.5,24.5
0.0,0.0,0.0,0.0,0.0,0.0,0.0,0.0,0.0,0.0,0.0,0.0,0.0,24.5,23.5,29.333333333333332,30.333333333333332,27.25,13.0,15.166666666666666,20.75,27.666666666666668,21.0,22.25,13.285714285714286,10.555555555555555,11.11111111111111,12.0,9.777777777777779,8.7,11.285714285714286,15.2,24.666666666666668,36.0,24.333333333333332,19.5,16.0,25.333333333333332,14.833333333333334,14.875,14.714285714285714,15.857142857142858,20.4,16.428571428571427,16.142857142857142,18.166666666666668,23.0,25.6,22.666666666666668,21.0,19.833333333333332,22.6,20.4,14.857142857142858,22.4,14.75,15.0,12.0,12.5,13.125,15.857142857142858,18.2,22.5,22.75,22.75,0.0
0.0,0.0,0.0,0.0,0.0,0.0,0.0,0.0,0.0,0.0,0.0,0.0,0.0,31.666666666666668,30.666666666666668,30.666666666666668,21.25,20.2,21.0,11.5,25.0,21.5,21.25,21.25,12.428571428571429,9.666666666666666,11.375,11.0,7.833333333333333,7.363636363636363,11.857142857142858,16.6,24.333333333333332,25.666666666666668,25.666666666666668,19.25,15.8,17.75,19.0,26.0,11.625,13.125,16.833333333333332,13.5,22.6,28.75,23.0,18.857142857142858,18.714285714285715,21.0,15.875,15.625,22.6,20.6,17.857142857142858,12.5,12.555555555555555,12.571428571428571,11.222222222222221,15.285714285714286,17.0,18.166666666666668,14.2,17.5,20.75,0.0
0.0,0.0,0.0,0.0,0.0,0.0,0.0,0.0,0.0,0.0,0.0,0.0,0.0,31.333333333333332,31.666666666666668,30.666666666666668,46.5,22.5,14.833333333333334,8.166666666666666,13.5,21.25,21.25,12.571428571428571,15.333333333333334,13.5,10.625,10.875,6.583333333333333,6.166666666666667,15.8,20.0,38.0,14.8,15.4,13.333333333333334,8.444444444444445,16.8,16.0,16.8,16.2,13.857142857142858,15.0,12.777777777777779,19.833333333333332,19.666666666666668,18.571428571428573,20.5,18.714285714285715,18.285714285714285,15.25,20.333333333333332,17.0,16.857142857142858,12.9,15.222222222222221,17.857142857142858,15.375,11.9,18.0,19.0,18.4,12.857142857142858,9.25,0.0,0.0
0.0,0.0,0.0,0.0,0.0,0.0,0.0,0.0,0.0,0.0,0.0,0.0,0.0,18.6,25.5,48.0,22.75,15.0,8.25,11.6,11.833333333333334,12.714285714285714,13.0,15.333333333333334,15.5,13.833333333333334,10.375,6.0,5.0,7.625,9.714285714285714,12.833333333333334,9.25,9.222222222222221,11.0,12.5,9.125,14.5,19.2,24.5,19.4,14.714285714285714,14.875,12.6,16.375,12.7,22.0,22.666666666666668,19.0,14.333333333333334,14.0,17.285714285714285,15.125,13.375,11.3,19.285714285714285,24.0,19.333333333333332,21.4,16.333333333333332,16.166666666666668,24.25,15.666666666666666,15.166666666666666,0.0,0.0
0.0,0.0,0.0,0.0,0.0,0.0,0.0,0.0,0.0,0.0,0.0,0.0,0.0,0.0,23.25,24.25,30.666666666666668,18.0,7.285714285714286,15.0,27.666666666666668,16.6,14.166666666666666,15.333333333333334,10.75,10.875,6.8,6.111111111111111,5.571428571428571,7.285714285714286,9.333333333333334,8.25,11.142857142857142,11.25,21.5,13.833333333333334,14.666666666666666,18.2,24.0,25.0,16.428571428571427,16.428571428571427,15.75,20.571428571428573,15.555555555555555,14.555555555555555,14.222222222222221,17.625,17.75,16.22222222222222,13.6,13.88888888888889,12.666666666666666,8.777777777777779,10.7,12.11111111111111,14.75,15.714285714285714,16.833333333333332,23.75,23.75,18.2,17.8,0.0,0.0,0.0
0.0,0.0,0.0,0.0,0.0,0.0,0.0,0.0,0.0,0.0,0.0,0.0,0.0,24.25,20.6,19.8,24.25,15.666666666666666,8.571428571428571,14.666666666666666,21.75,20.25,13.833333333333334,10.875,11.5,12.333333333333334,10.0,6.25,5.444444444444445,15.333333333333334,10.2,10.5,9.857142857142858,13.5,27.0,21.5,21.5,23.0,18.8,16.333333333333332,24.5,15.571428571428571,16.25,15.444444444444445,20.142857142857142,14.666666666666666,16.875,16.333333333333332,16.666666666666668,16.0,15.666666666666666,16.375,14.125,10.7,11.3,13.285714285714286,15.571428571428571,20.2,18.8,23.0,23.0,22.75,0.0,0.0,0.0,0.0
0.0,0.0,0.0,0.0,0.0,0.0,0.0,0.0,0.0,0.0,0.0,0.0,0.0,11.0,20.0,20.0,17.166666666666668,19.6,10.714285714285714,16.8,20.75,24.0,11.333333333333334,13.2,11.5,8.857142857142858,8.571428571428571,7.571428571428571,7.6,11.75,13.5,12.2,9.285714285714286,14.8,13.0,12.0,16.0,14.166666666666666,22.0,14.833333333333334,18.6,17.333333333333332,12.333333333333334,20.5,14.333333333333334,17.857142857142858,23.666666666666668,30.2,25.833333333333332,20.0,15.222222222222221,14.333333333333334,15.0,10.1,11.11111111111111,19.4,14.142857142857142,15.333333333333334,12.142857142857142,14.5,22.5,17.6,0.0,0.0,0.0,0.0
0.0,0.0,0.0,0.0,0.0,0.0,0.0,0.0,0.0,0.0,0.0,0.0,0.0,0.0,9.714285714285714,14.2,18.0,11.166666666666666,14.4,23.333333333333332,16.5,13.5,6.625,11.8,9.166666666666666,8.833333333333334,8.166666666666666,11.333333333333334,18.5,17.0,10.666666666666666,12.8,16.5,15.2,14.8,18.5,27.333333333333332,25.0,19.5,13.5,20.5,11.857142857142858,20.4,17.833333333333332,14.125,16.5,23.833333333333332,20.857142857142858,17.25,18.25,22.666666666666668,21.0,13.75,13.0,13.0,12.875,8.777777777777779,7.444444444444445,10.428571428571429,9.25,11.571428571428571,0.0,0.0,0.0,0.0,0.0
0.0,0.0,0.0,0.0,0.0,0.0,0.0,0.0,0.0,0.0,0.0,0.0,0.0,0.0,13.2,13.4,17.75,12.333333333333334,22.0,11.333333333333334,21.666666666666668,7.166666666666667,17.0,14.0,8.6,10.25,11.666666666666666,13.0,16.0,8.75,10.4,8.428571428571429,11.666666666666666,18.0,19.75,16.0,26.333333333333332,20.0,14.4,17.2,21.75,30.333333333333332,23.5,26.25,15.125,23.0,17.125,17.75,15.666666666666666,27.8,25.0,24.2,14.714285714285714,13.375,12.625,10.75,8.0,8.0,5.111111111111111,8.714285714285714,0.0,0.0,0.0,0.0,0.0,0.0
0.0,0.0,0.0,0.0,0.0,0.0,0.0,0.0,0.0,0.0,0.0,0.0,0.0,0.0,17.5,19.6,19.0,16.5,14.0,11.0,18.0,43.0,12.333333333333334,11.333333333333334,11.666666666666666,11.666666666666666,11.666666666666666,15.5,15.0,10.333333333333334,7.166666666666667,8.571428571428571,11.714285714285714,17.4,28.666666666666668,22.0,22.75,17.4,24.25,20.5,30.666666666666668,23.0,20.6,12.333333333333334,15.125,18.714285714285715,14.666666666666666,22.166666666666668,23.5,26.2,20.666666666666668,15.714285714285714,13.75,11.75,9.3,7.75,8.0,5.625,7.375,0.0,0.0,0.0,0.0,0.0,0.0,0.0
0.0,0.0,0.0,0.0,0.0,0.0,0.0,0.0,0.0,0.0,0.0,0.0,0.0,16.8,18.0,26.333333333333332,23.0,13.0,12.75,16.0,18.666666666666668,42.0,42.0,16.0,30.0,30.0,16.0,16.0,8.25,11.75,11.0,9.25,14.166666666666666,21.25,21.75,30.0,31.666666666666668,31.0,16.5,23.25,30.0,23.0,19.6,13.11111111111111,16.25,13.444444444444445,17.428571428571427,21.166666666666668,13.555555555555555,19.666666666666668,29.5,25.5,20.6,15.666666666666666,10.571428571428571,11.0,6.6,8.75,9.571428571428571,0.0,0.0,0.0,0.0,0.0,0.0,0.0
0.0,0.0,0.0,0.0,0.0,0.0,0.0,0.0,0.0,0.0,0.0,0.0,0.0,0.0,17.4,26.333333333333332,21.75,31.333333333333332,10.6,50.0,45.0,44.0,42.0,15.5,12.5,29.0,15.0,15.5,9.25,12.25,19.75,16.2,28.333333333333332,22.0,22.25,23.0,31.666666666666668,24.25,25.0,18.8,30.333333333333332,30.0,23.25,19.8,15.666666666666666,13.857142857142858,15.0,13.857142857142858,13.25,13.75,21.6,24.25,15.5,19.75,11.833333333333334,9.0,10.428571428571429,8.875,0.0,0.0,0.0,0.0,0.0,0.0,0.0,0.0
0.0,0.0,0.0,0.0,0.0,0.0,0.0,0.0,0.0,0.0,0.0,0.0,0.0,0.0,25.666666666666668,26.333333333333332,20.5,12.75,17.333333333333332,12.75,23.0,44.0,41.0,41.0,25.0,28.0,15.5,11.0,10.75,23.333333333333332,22.5,17.6,29.333333333333332,17.8,22.0,22.75,32.0,24.5,32.666666666666664,31.666666666666668,23.25,31.0,31.333333333333332,30.333333333333332,30.333333333333332,30.333333333333332,31.333333333333332,11.0,20.0,14.285714285714286,19.8,13.142857142857142,13.666666666666666,10.857142857142858,11.833333333333334,19.0,24.0,14.6,0.0,0.0,0.0,0.0,0.0,0.0,0.0,0.0
0.0,0.0,0.0,0.0,0.0,0.0,0.0,0.0,0.0,0.0,0.0,0.0,0.0,19.75,26.333333333333332,25.666666666666668,26.666666666666668,21.25,13.5,17.333333333333332,12.25,15.666666666666666,21.5,14.333333333333334,23.0,7.8,12.0,14.5,15.5,26.666666666666668,23.75,16.166666666666668,22.0,21.75,17.4,23.25,23.75,32.666666666666664,31.666666666666668,31.333333333333332,31.666666666666668,31.0,30.666666666666668,30.333333333333332,29.666666666666668,22.75,14.0,17.8,14.333333333333334,18.8,16.2,12.166666666666666,11.666666666666666,13.6,14.6,15.6,15.0,0.0,0.0,0.0,0.0,0.0,0.0,0.0,0.0,0.0
0.0,0.0,0.0,0.0,0.0,0.0,0.0,0.0,0.0,0.0,0.0,0.0,0.0,0.0,39.0,25.666666666666668,20.75,16.25,17.6,12.75,17.333333333333332,15.666666666666666,12.0,15.666666666666666,23.0,9.4,7.0,10.5,18.25,26.333333333333332,12.714285714285714,14.0,21.75,13.166666666666666,22.75,23.75,23.75,24.5,31.666666666666668,31.666666666666668,23.75,23.75,22.75,30.0,21.75,20.25,15.8,19.0,17.0,12.8,8.5,9.714285714285714,16.0,13.4,18.75,15.2,0.0,0.0,0.0,0.0,0.0,0.0,0.0,0.0,0.0,0.0
0.0,0.0,0.0,0.0,0.0,0.0,0.0,0.0,0.0,0.0,0.0,0.0,0.0,12.166666666666666,35.5,24.333333333333332,25.333333333333332,14.5,18.2,18.333333333333332,25.5,15.666666666666666,23.0,22.0,43.0,43.0,9.6,15.0,19.0,16.4,11.714285714285714,17.6,14.666666666666666,22.75,30.333333333333332,32.0,31.666666666666668,31.333333333333332,30.666666666666668,31.333333333333332,31.666666666666668,17.8,15.333333333333334,30.333333333333332,16.2,20.25,19.5,25.333333333333332,22.0,19.333333333333332,12.5,10.6,14.75,11.5,15.75,0.0,0.0,0.0,0.0,0.0,0.0,0.0,0.0,0.0,0.0,0.0
0.0,0.0,0.0,0.0,0.0,0.0,0.0,0.0,0.0,0.0,0.0,0.0,0.0,15.5,24.333333333333332,24.333333333333332,20.0,13.2,22.666666666666668,32.5,25.5,15.666666666666666,14.666666666666666,45.0,44.0,44.0,23.0,23.666666666666668,12.666666666666666,16.0,13.5,22.75,24.0,22.5,30.333333333333332,31.333333333333332,29.333333333333332,29.0,29.666666666666668,18.8,23.5,18.6,18.0,30.666666666666668,15.4,15.2,18.5,13.0,23.0,19.333333333333332,10.6,22.0,8.166666666666666,9.8,0.0,0.0,0.0,0.0,0.0,0.0,0.0,0.0,0.0,0.0,0.0,0.0
0.0,0.0,0.0,0.0,0.0,0.0,0.0,0.0,0.0,0.0,0.0,0.0,12.8,24.0,24.0,24.666666666666668,16.8,23.0,23.666666666666668,20.333333333333332,27.0,24.0,45.0,45.0,45.0,17.333333333333332,27.0,24.333333333333332,24.666666666666668,16.2,15.6,15.6,22.75,17.4,30.333333333333332,28.333333333333332,27.333333333333332,29.0,28.666666666666668,18.4,23.25,18.0,23.25,16.8,15.4,15.2,14.4,14.6,16.0,18.333333333333332,19.0,11.2,10.8,0.0,0.0,0.0,0.0,0.0,0.0,0.0,0.0,0.0,0.0,0.0,0.0,0.0
0.0,0.0,0.0,0.0,0.0,0.0,0.0,0.0,0.0,0.0,0.0,0.0,24.666666666666668,24.666666666666668,24.333333333333332,18.5,21.0,27.0,27.5,27.0,27.0,25.0,49.0,50.0,53.0,54.0,62.0,21.666666666666668,15.6,19.25,18.0,18.25,24.25,32.333333333333336,32.333333333333336,14.6,19.25,27.0,28.333333333333332,23.25,18.2,18.2,16.6,11.285714285714286,13.333333333333334,15.8,14.4,14.0,12.0,12.6,15.0,12.0,7.428571428571429,0.0,0.0,0.0,0.0,0.0,0.0,0.0,0.0,0.0,0.0,0.0,0.0,0.0
0.0,0.0,0.0,0.0,0.0,0.0,0.0,0.0,0.0,0.0,0.0,21.666666666666668,26.333333333333332,26.666666666666668,25.333333333333332,15.8,22.5,26.0,26.5,17.0,17.666666666666668,56.0,54.0,53.0,53.0,53.0,53.0,14.5,16.2,19.75,26.666666666666668,14.0,19.2,22.5,22.75,30.0,22.75,27.333333333333332,20.0,18.0,22.25,20.0,19.0,15.8,12.833333333333334,12.0,14.0,12.4,11.8,15.0,12.0,0.0,0.0,0.0,0.0,0.0,0.0,0.0,0.0,0.0,0.0,0.0,0.0,0.0,0.0,0.0
0.0,0.0,0.0,0.0,0.0,0.0,0.0,0.0,0.0,0.0,18.25,0.0,22.0,27.0,25.666666666666668,26.333333333333332,17.4,24.0,25.5,17.0,17.333333333333332,28.5,27.5,14.5,14.0,18.333333333333332,30.0,14.6,12.166666666666666,20.0,14.0,14.142857142857142,17.8,17.0,19.25,15.6,18.75,19.0,21.25,30.0,21.5,17.25,25.0,15.6,19.0,11.5,16.5,14.75,14.75,15.0,9.5,0.0,0.0,0.0,0.0,0.0,0.0,0.0,0.0,0.0,0.0,0.0,0.0,0.0,0.0,0.0
0.0,0.0,0.0,0.0,0.0,0.0,0.0,0.0,0.0,0.0,0.0,16.2,21.25,25.333333333333332,25.333333333333332,27.333333333333332,21.75,22.0,8.8,13.0,18.0,19.0,12.2,18.0,26.5,26.0,19.0,15.2,17.0,11.6,13.4,14.4,21.0,16.8,24.333333333333332,23.666666666666668,12.2,13.0,13.6,14.8,13.6,23.666666666666668,24.0,16.6,18.0,15.5,18.0,19.0,11.4,11.8,0.0,0.0,0.0,0.0,0.0,0.0,0.0,0.0,0.0,0.0,0.0,0.0,0.0,0.0,0.0,0.0
0.0,0.0,0.0,0.0,0.0,0.0,0.0,0.0,0.0,26.0,27.666666666666668,20.5,19.0,25.333333333333332,19.75,27.0,18.4,20.8,11.5,17.0,12.0,16.0,13.0,15.666666666666666,14.666666666666666,13.333333333333334,9.25,6.4,12.5,5.6,6.875,10.666666666666666,8.285714285714286,12.5,12.75,13.0,12.0,15.666666666666666,12.75,13.75,15.75,17.75,18.0,23.333333333333332,20.666666666666668,12.0,12.25,13.5,10.8,0.0,0.0,0.0,0.0,0.0,0.0,0.0,0.0,0.0,0.0,0.0,0.0,0.0,0.0,0.0,0.0,0.0
0.0,0.0,0.0,15.0,22.0,14.666666666666666,26.666666666666668,0.0,0.0,0.0,25.0,0.0,0.0,25.0,15.2,19.0,31.0,12.25,18.333333333333332,16.0,11.2,16.666666666666668,16.333333333333332,11.5,11.666666666666666,12.666666666666666,16.5,5.0,4.0,9.0,8.6,13.333333333333334,14.0,21.0,21.0,11.5,20.0,20.0,20.0,8.6,10.2,11.0,12.2,13.25,11.0,15.666666666666666,16.0,17.666666666666668,0.0,0.0,0.0,0.0,0.0,0.0,0.0,0.0,0.0,0.0,0.0,0.0,0.0,0.0,0.0,0.0,0.0,0.0
0.0,13.25,15.666666666666666,22.5,22.5,20.0,19.75,26.0,0.0,18.25,18.0,23.0,15.75,0.0,18.0,24.0,25.666666666666668,16.0,11.0,12.0,12.6,15.25,16.333333333333332,8.4,10.25,18.5,10.0,4.8,20.0,9.5,6.0,11.333333333333334,18.0,13.0,15.333333333333334,20.0,19.5,20.0,12.333333333333334,17.0,10.25,10.4,13.5,10.25,0.0,7.25,8.333333333333334,0.0,0.0,0.0,0.0,0.0,0.0,0.0,0.0,0.0,0.0,0.0,0.0,0.0,0.0,0.0,0.0,0.0,0.0,0.0
15.5,0.0,15.0,21.5,21.0,13.333333333333334,15.0,26.0,26.0,0.0,23.333333333333332,22.0,14.25,14.75,22.0,22.333333333333332,23.0,14.666666666666666,12.25,9.8,9.0,7.333333333333333,9.25,15.333333333333334,14.0,13.0,33.0,10.666666666666666,13.0,5.25,6.0,15.0,17.5,19.0,18.333333333333332,14.333333333333334,14.333333333333334,19.5,17.0,12.0,14.0,9.75,11.25,13.333333333333334,0.0,14.0,0.0,0.0,0.0,0.0,0.0,0.0,0.0,0.0,0.0,0.0,0.0,0.0,0.0,0.0,0.0,0.0,0.0,0.0,0.0,0.0
0.0,0.0,0.0,25.0,24.0,11.75,15.666666666666666,26.0,26.0,0.0,0.0,17.0,18.666666666666668,0.0,18.666666666666668,21.333333333333332,15.5,6.25,10.333333333333334,10.333333333333334,10.333333333333334,5.6,10.25,13.666666666666666,10.75,9.75,19.0,14.5,10.5,5.0,5.0,9.333333333333334,11.666666666666666,14.0,19.5,14.333333333333334,14.333333333333334,19.0,0.0,0.0,0.0,0.0,0.0,0.0,0.0,0.0,0.0,0.0,0.0,0.0,0.0,0.0,0.0,0.0,0.0,0.0,0.0,0.0,0.0,0.0,0.0,0.0,0.0,0.0,0.0,0.0
0.0,0.0,0.0,0.0,18.666666666666668,17.666666666666668,10.2,26.666666666666668,26.0,0.0,0.0,0.0,18.0,18.0,25.5,18.333333333333332,18.333333333333332,4.25,8.333333333333334,25.0,10.5,10.5,5.5,13.333333333333334,10.0,13.333333333333334,10.25,9.333333333333334,8.5,3.5,5.666666666666667,8.75,14.333333333333334,16.333333333333332,15.0,14.666666666666666,0.0,13.666666666666666,0.0,0.0,0.0,0.0,0.0,0.0,0.0,0.0,0.0,0.0,0.0,0.0,0.0,0.0,0.0,0.0,0.0,0.0,0.0,0.0,0.0,0.0,0.0,0.0,0.0,0.0,0.0,0.0
0.0,0.0,0.0,0.0,0.0,0.0,29.666666666666668,0.0,0.0,25.0,0.0,0.0,14.5,13.75,0.0,0.0,0.0,4.5,10.0,19.0,20.0,7.0,4.0,6.75,20.0,20.5,7.8,5.333333333333333,12.5,5.666666666666667,8.0,5.8,0.0,0.0,0.0,0.0,0.0,0.0,0.0,0.0,0.0,0.0,0.0,0.0,0.0,0.0,0.0,0.0,0.0,0.0,0.0,0.0,0.0,0.0,0.0,0.0,0.0,0.0,0.0,0.0,0.0,0.0,0.0,0.0,0.0,0.0
0.0,0.0,0.0,0.0,0.0,0.0,0.0,0.0,0.0,25.666666666666668,0.0,0.0,23.333333333333332,0.0,17.333333333333332,18.666666666666668,18.666666666666668,3.0,5.0,5.0,5.0,6.0,10.0,5.666666666666667,6.0,6.0,4.75,7.25,5.0,7.0,0.0,0.0,0.0,0.0,0.0,0.0,0.0,0.0,0.0,0.0,0.0,0.0,0.0,0.0,0.0,0.0,0.0,0.0,0.0,0.0,0.0,0.0,0.0,0.0,0.0,0.0,0.0,0.0,0.0,0.0,0.0,0.0,0.0,0.0,0.0,0.0
0.0,0.0,0.0,0.0,0.0,0.0,0.0,0.0,0.0,25.666666666666668,0.0,0.0,0.0,0.0,0.0,18.666666666666668,19.0,3.6666666666666665,3.5,0.0,5.0,10.0,12.0,7.0,7.0,8.5,19.0,0.0,7.25,0.0,0.0,0.0,0.0,0.0,0.0,0.0,0.0,0.0,0.0,0.0,0.0,0.0,0.0,0.0,0.0,0.0,0.0,0.0,0.0,0.0,0.0,0.0,0.0,0.0,0.0,0.0,0.0,0.0,0.0,0.0,0.0,0.0,0.0,0.0,0.0,0.0
