0.0,0.0,0.0,0.0,0.0,0.0,0.0,0.0,0.0,0.0,0.0,0.0,0.0,0.0,0.0,0.0,0.0,0.0,0.0,0.0,0.0,0.0,0.0,0.0,0.0,0.0,0.0,0.0,0.0,0.0,0.0,0.0,0.0,0.0,0.0,0.0,0.0,0.0,0.0,0.0,0.0,0.0,0.0,0.0,0.0,0.0,0.0,0.0,0.0,0.0,0.0,0.0,0.0,0.0,0.0,0.0,0.0,0.0,0.0,0.0,0.0,0.0,0.0,0.0,0.0,0.0
0.0,0.0,0.0,0.0,0.0,0.0,0.0,0.0,0.0,0.0,0.0,0.0,0.0,0.0,0.0,0.0,0.0,0.0,0.0,0.0,0.0,0.0,0.0,0.0,0.0,0.0,0.0,0.0,0.0,0.0,0.0,0.0,0.0,0.0,0.0,0.0,0.0,0.0,0.0,0.0,0.0,0.0,0.0,0.0,0.0,9.928571428571429,9.0625,0.0,0.0,0.0,0.0,0.0,0.0,0.0,0.0,0.0,0.0,0.0,0.0,0.0,0.0,0.0,0.0,0.0,0.0,0.0
0.0,0.0,0.0,0.0,0.0,0.0,0.0,0.0,0.0,0.0,0.0,0.0,0.0,0.0,0.0,0.0,0.0,0.0,0.0,0.0,0.0,0.0,0.0,0.0,0.0,0.0,0.0,0.0,0.0,0.0,0.0,0.0,0.0,0.0,0.0,0.0,0.0,0.0,0.0,0.0,0.0,10.571428571428571,11.0,11.23076923076923,10.5,10.133333333333333,11.923076923076923,10.928571428571429,0.0,0.0,0.0,0.0,0.0,0.0,0.0,0.0,0.0,0.0,0.0,0.0,0.0,0.0,0.0,0.0,0.0,0.0
0.0,0.0,0.0,0.0,0.0,0.0,0.0,0.0,0.0,0.0,0.0,0.0,0.0,0.0,0.0,0.0,0.0,0.0,0.0,0.0,0.0,0.0,0.0,0.0,0.0,0.0,0.0,0.0,0.0,0.0,0.0,0.0,0.0,0.0,0.0,0.0,0.0,0.0,0.0,0.0,10.357142857142858,10.133333333333333,11.461538461538462,10.071428571428571,9.75,9.529411764705882,10.25,11.733333333333333,12.785714285714286,0.0,0.0,0.0,0.0,0.0,0.0,0.0,0.0,0.0,0.0,0.0,0.0,0.0,0.0,0.0,0.0,0.0
0.0,0.0,0.0,0.0,0.0,0.0,0.0,0.0,0.0,0.0,0.0,0.0,0.0,0.0,0.0,0.0,0.0,0.0,0.0,0.0,0.0,0.0,0.0,0.0,0.0,0.0,0.0,0.0,0.0,0.0,0.0,0.0,0.0,0.0,0.0,0.0,0.0,0.0,0.0,0.0,8.823529411764707,9.75,11.538461538461538,9.5625,10.058823529411764,12.0,11.733333333333333,12.928571428571429,12.933333333333334,10.882352941176471,12.0,0.0,0.0,0.0,0.0,0.0,0.0,0.0,0.0,0.0,0.0,0.0,0.0,0.0,0.0,0.0
0.0,0.0,0.0,0.0,0.0,0.0,0.0,0.0,0.0,0.0,0.0,0.0,0.0,0.0,0.0,0.0,0.0,0.0,0.0,0.0,0.0,0.0,0.0,0.0,0.0,0.0,0.0,0.0,0.0,0.0,0.0,0.0,0.0,0.0,0.0,0.0,0.0,0.0,0.0,9.75,12.75,12.692307692307692,10.0,10.9375,12.2,12.466666666666667,12.4,12.8,12.333333333333334,13.428571428571429,10.5,12.666666666666666,0.0,0.0,0.0,0.0,0.0,0.0,0.0,0.0,0.0,0.0,0.0,0.0,0.0,0.0
0.0,0.0,0.0,0.0,0.0,0.0,0.0,0.0,0.0,0.0,0.0,0.0,0.0,0.0,0.0,0.0,0.0,0.0,0.0,0.0,0.0,0.0,0.0,0.0,0.0,0.0,0.0,0.0,0.0,0.0,0.0,0.0,0.0,0.0,0.0,0.0,0.0,0.0,0.0,9.571428571428571,11.416666666666666,12.066666666666666,10.176470588235293,12.857142857142858,13.142857142857142,16.416666666666668,13.571428571428571,12.6,11.875,11.0,12.466666666666667,12.266666666666667,0.0,0.0,0.0,0.0,0.0,0.0,0.0,0.0,0.0,0.0,0.0,0.0,0.0,0.0
0.0,0.0,0.0,0.0,0.0,0.0,0.0,0.0,0.0,0.0,0.0,0.0,0.0,0.0,0.0,0.0,0.0,0.0,0.0,0.0,0.0,0.0,0.0,0.0,0.0,0.0,0.0,0.0,0.0,0.0,0.0,0.0,0.0,0.0,0.0,0.0,0.0,0.0,0.0,10.307692307692308,10.785714285714286,11.125,14.0,12.0,12.8,13.5,14.23076923076923,13.214285714285714,10.61111111111111,11.117647058823529,12.6,14.583333333333334,0.0,0.0,0.0,0.0,0.0,0.0,0.0,0.0,0.0,0.0,0.0,0.0,0.0,0.0
0.0,0.0,0.0,0.0,0.0,0.0,0.0,0.0,0.0,0.0,0.0,0.0,0.0,0.0,0.0,0.0,0.0,0.0,0.0,0.0,20.77777777777778,31.5,0.0,0.0,0.0,0.0,0.0,0.0,0.0,0.0,0.0,0.0,0.0,0.0,0.0,0.0,0.0,0.0,10.692307692307692,9.733333333333333,11.0625,16.727272727272727,15.666666666666666,14.23076923076923,13.76923076923077,14.833333333333334,13.538461538461538,14.5,11.4375,11.5,10.9375,12.5,0.0,0.0,0.0,0.0,0.0,0.0,0.0,0.0,0.0,0.0,0.0,0.0,0.0,0.0
0.0,0.0,0.0,0.0,0.0,0.0,0.0,0.0,0.0,0.0,0.0,0.0,0.0,0.0,0.0,0.0,0.0,0.0,0.0,18.7,20.0,18.5,0.0,0.0,0.0,0.0,0.0,0.0,0.0,0.0,0.0,0.0,0.0,0.0,0.0,0.0,0.0,0.0,9.764705882352942,11.5625,13.846153846153847,12.333333333333334,12.133333333333333,12.857142857142858,14.666666666666666,13.153846153846153,13.833333333333334,13.0,11.666666666666666,12.214285714285714,11.466666666666667,0.0,0.0,0.0,0.0,0.0,0.0,0.0,0.0,0.0,0.0,0.0,0.0,0.0,0.0,0.0
0.0,0.0,0.0,0.0,0.0,0.0,0.0,0.0,0.0,0.0,0.0,0.0,0.0,0.0,0.0,0.0,0.0,0.0,16.0,0.0,16.272727272727273,16.363636363636363,18.7,0.0,0.0,0.0,0.0,0.0,0.0,0.0,0.0,0.0,0.0,0.0,0.0,0.0,0.0,0.0,11.642857142857142,12.8,13.642857142857142,13.642857142857142,16.083333333333332,11.933333333333334,11.3125,12.714285714285714,13.23076923076923,14.333333333333334,12.571428571428571,15.545454545454545,12.142857142857142,0.0,0.0,0.0,0.0,0.0,0.0,0.0,0.0,0.0,0.0,0.0,0.0,0.0,0.0,0.0
0.0,0.0,0.0,0.0,0.0,0.0,0.0,0.0,0.0,0.0,0.0,0.0,0.0,0.0,0.0,0.0,0.0,0.0,13.642857142857142,14.461538461538462,13.538461538461538,15.0,19.555555555555557,0.0,0.0,0.0,0.0,0.0,0.0,0.0,0.0,0.0,0.0,0.0,0.0,0.0,0.0,0.0,9.875,9.68421052631579,13.2,12.5,9.8,9.5,10.235294117647058,10.294117647058824,13.76923076923077,15.083333333333334,13.692307692307692,11.928571428571429,11.25,0.0,0.0,0.0,0.0,0.0,0.0,0.0,0.0,0.0,0.0,0.0,0.0,0.0,0.0,0.0
0.0,0.0,0.0,0.0,0.0,0.0,0.0,0.0,0.0,0.0,0.0,0.0,0.0,0.0,0.0,0.0,0.0,0.0,15.166666666666666,16.90909090909091,15.818181818181818,14.083333333333334,13.416666666666666,14.181818181818182,0.0,0.0,0.0,0.0,0.0,0.0,0.0,0.0,0.0,0.0,0.0,0.0,0.0,0.0,8.947368421052632,10.5,10.105263157894736,9.894736842105264,9.0,9.944444444444445,10.875,11.176470588235293,10.647058823529411,9.31578947368421,10.375,10.176470588235293,9.38888888888889,0.0,0.0,0.0,0.0,0.0,0.0,0.0,0.0,0.0,0.0,0.0,0.0,0.0,0.0,0.0
0.0,0.0,0.0,0.0,0.0,0.0,0.0,0.0,0.0,0.0,0.0,0.0,0.0,0.0,0.0,0.0,0.0,0.0,0.0,0.0,13.0,14.545454545454545,14.181818181818182,13.166666666666666,0.0,0.0,0.0,0.0,0.0,0.0,0.0,0.0,0.0,0.0,0.0,0.0,0.0,0.0,7.086956521739131,8.8,9.277777777777779,9.333333333333334,7.9523809523809526,8.333333333333334,9.894736842105264,8.55,8.136363636363637,8.476190476190476,7.904761904761905,0.0,0.0,0.0,0.0,0.0,0.0,0.0,0.0,0.0,0.0,0.0,0.0,0.0,0.0,0.0,0.0,0.0
0.0,0.0,0.0,0.0,0.0,0.0,0.0,0.0,0.0,0.0,0.0,0.0,0.0,0.0,0.0,0.0,0.0,0.0,0.0,0.0,15.0,14.090909090909092,12.166666666666666,11.0,9.266666666666667,0.0,0.0,0.0,0.0,0.0,6.388888888888889,0.0,0.0,0.0,0.0,0.0,8.61111111111111,6.9523809523809526,7.523809523809524,8.75,8.25,9.421052631578947,7.363636363636363,8.095238095238095,8.368421052631579,8.722222222222221,7.9,9.052631578947368,8.1,7.166666666666667,0.0,0.0,0.0,0.0,0.0,0.0,0.0,0.0,0.0,0.0,0.0,0.0,0.0,0.0,0.0,0.0
0.0,0.0,0.0,0.0,0.0,0.0,0.0,0.0,0.0,0.0,0.0,0.0,0.0,0.0,0.0,0.0,0.0,0.0,0.0,0.0,0.0,13.0,12.363636363636363,9.428571428571429,8.8,9.0,0.0,0.0,0.0,0.0,6.555555555555555,5.458333333333333,0.0,0.0,0.0,7.421052631578948,9.176470588235293,8.944444444444445,10.176470588235293,8.3,8.0,10.055555555555555,7.826086956521739,7.619047619047619,7.045454545454546,7.380952380952381,8.777777777777779,8.833333333333334,9.5625,8.3,0.0,0.0,0.0,0.0,0.0,0.0,0.0,0.0,0.0,0.0,0.0,0.0,0.0,0.0,0.0,0.0
0.0,0.0,0.0,0.0,0.0,0.0,0.0,0.0,0.0,0.0,0.0,0.0,0.0,0.0,0.0,0.0,0.0,0.0,0.0,0.0,0.0,0.0,9.642857142857142,9.928571428571429,10.615384615384615,7.611111111111111,9.0,7.875,7.2,6.882352941176471,7.2105263157894735,6.1,6.380952380952381,6.086956521739131,0.0,6.6,7.0,8.31578947368421,9.235294117647058,8.88888888888889,8.722222222222221,8.857142857142858,9.75,7.130434782608695,8.25,7.25,8.444444444444445,9.176470588235293,9.9375,9.166666666666666,0.0,0.0,0.0,0.0,0.0,0.0,0.0,0.0,0.0,0.0,0.0,0.0,0.0,0.0,0.0,0.0
0.0,0.0,0.0,0.0,0.0,0.0,0.0,0.0,0.0,0.0,0.0,0.0,0.0,0.0,0.0,0.0,0.0,0.0,0.0,0.0,0.0,0.0,0.0,11.76923076923077,11.076923076923077,8.588235294117647,10.142857142857142,7.625,7.875,7.315789473684211,6.944444444444445,6.421052631578948,5.85,5.391304347826087,6.9,6.523809523809524,6.619047619047619,6.619047619047619,7.95,9.444444444444445,10.588235294117647,10.529411764705882,10.705882352941176,7.857142857142857,6.461538461538462,7.454545454545454,9.8125,8.105263157894736,8.705882352941176,0.0,0.0,0.0,0.0,0.0,0.0,0.0,0.0,0.0,0.0,0.0,0.0,0.0,0.0,0.0,0.0,0.0
0.0,0.0,0.0,0.0,0.0,0.0,0.0,0.0,0.0,0.0,0.0,0.0,0.0,0.0,0.0,0.0,0.0,0.0,0.0,0.0,0.0,0.0,0.0,0.0,0.0,10.066666666666666,9.0625,8.933333333333334,7.0588235294117645,7.588235294117647,6.578947368421052,6.2,6.388888888888889,6.777777777777778,6.888888888888889,6.944444444444445,7.111111111111111,7.388888888888889,9.4375,10.0,8.894736842105264,10.5625,9.823529411764707,7.818181818181818,7.434782608695652,7.208333333333333,6.5,6.260869565217392,6.4,0.0,0.0,0.0,0.0,0.0,0.0,0.0,0.0,0.0,0.0,0.0,0.0,0.0,0.0,0.0,0.0,0.0
0.0,0.0,0.0,0.0,0.0,0.0,0.0,0.0,0.0,0.0,0.0,0.0,0.0,0.0,0.0,0.0,0.0,0.0,0.0,0.0,0.0,0.0,0.0,0.0,0.0,0.0,8.6875,8.0,6.421052631578948,6.842105263157895,7.111111111111111,7.0,7.055555555555555,7.0,7.6875,6.722222222222222,8.0625,8.4375,10.0,10.571428571428571,11.0,11.928571428571429,11.133333333333333,6.625,5.928571428571429,6.518518518518518,6.461538461538462,6.782608695652174,6.380952380952381,8.05,0.0,0.0,0.0,0.0,0.0,0.0,0.0,0.0,0.0,0.0,0.0,0.0,0.0,0.0,0.0,0.0
0.0,0.0,0.0,0.0,0.0,0.0,0.0,0.0,0.0,0.0,0.0,0.0,0.0,0.0,0.0,0.0,0.0,0.0,0.0,0.0,0.0,0.0,0.0,0.0,0.0,0.0,0.0,8.176470588235293,8.235294117647058,7.777777777777778,7.277777777777778,6.842105263157895,6.947368421052632,7.705882352941177,7.470588235294118,7.526315789473684,8.0,7.6,9.0,9.352941176470589,10.714285714285714,11.357142857142858,8.368421052631579,7.75,7.2272727272727275,9.444444444444445,9.0,9.941176470588236,10.8125,9.210526315789474,0.0,0.0,0.0,0.0,0.0,0.0,0.0,0.0,0.0,0.0,0.0,0.0,0.0,0.0,0.0,0.0
0.0,0.0,0.0,0.0,0.0,0.0,0.0,0.0,0.0,0.0,0.0,0.0,0.0,0.0,0.0,0.0,0.0,0.0,0.0,0.0,0.0,0.0,0.0,0.0,0.0,0.0,0.0,9.133333333333333,8.4375,8.25,8.25,6.45,7.2105263157894735,6.894736842105263,8.1875,7.35,7.833333333333333,8.333333333333334,8.833333333333334,9.0,10.333333333333334,10.642857142857142,9.0,8.777777777777779,8.833333333333334,9.176470588235293,10.533333333333333,9.764705882352942,11.0625,13.428571428571429,0.0,0.0,0.0,0.0,0.0,0.0,0.0,0.0,0.0,0.0,0.0,0.0,0.0,0.0,0.0,0.0
0.0,0.0,0.0,0.0,0.0,0.0,0.0,0.0,0.0,0.0,0.0,0.0,0.0,0.0,0.0,0.0,0.0,0.0,0.0,0.0,0.0,0.0,0.0,0.0,0.0,0.0,0.0,0.0,7.277777777777778,7.388888888888889,7.882352941176471,6.85,7.25,7.15,7.944444444444445,7.944444444444445,8.294117647058824,7.4,8.944444444444445,8.944444444444445,9.6875,9.6,8.882352941176471,9.0,8.88888888888889,8.666666666666666,7.7368421052631575,9.666666666666666,9.933333333333334,15.0,15.181818181818182,12.857142857142858,0.0,0.0,0.0,0.0,0.0,0.0,0.0,0.0,0.0,0.0,0.0,0.0,0.0,0.0
0.0,0.0,0.0,0.0,0.0,0.0,0.0,0.0,0.0,0.0,0.0,0.0,0.0,0.0,0.0,0.0,0.0,0.0,0.0,0.0,0.0,0.0,0.0,0.0,0.0,0.0,0.0,0.0,0.0,8.411764705882353,6.894736842105263,7.105263157894737,7.368421052631579,6.636363636363637,7.0476190476190474,8.4375,8.9375,8.222222222222221,9.625,10.666666666666666,11.076923076923077,11.384615384615385,11.384615384615385,10.785714285714286,9.857142857142858,9.2,8.8125,10.76923076923077,10.071428571428571,12.833333333333334,12.923076923076923,14.083333333333334,13.615384615384615,0.0,0.0,0.0,0.0,0.0,0.0,0.0,0.0,0.0,0.0,0.0,0.0,0.0
0.0,0.0,0.0,0.0,0.0,0.0,0.0,0.0,0.0,0.0,0.0,0.0,0.0,0.0,0.0,0.0,0.0,0.0,0.0,0.0,0.0,0.0,0.0,0.0,0.0,0.0,0.0,0.0,0.0,7.4,6.9523809523809526,7.2631578947368425,6.619047619047619,7.1,6.391304347826087,7.421052631578948,8.6875,8.166666666666666,9.470588235294118,11.538461538461538,9.933333333333334,9.5625,10.466666666666667,11.916666666666666,11.0,10.538461538461538,10.785714285714286,12.0,14.4,9.933333333333334,14.636363636363637,15.0,15.909090909090908,12.642857142857142,0.0,0.0,0.0,0.0,0.0,0.0,0.0,0.0,0.0,0.0,0.0,0.0
0.0,0.0,0.0,0.0,0.0,0.0,0.0,0.0,0.0,0.0,0.0,0.0,0.0,0.0,0.0,0.0,0.0,0.0,0.0,0.0,0.0,0.0,0.0,0.0,0.0,0.0,0.0,0.0,7.526315789473684,7.0476190476190474,8.105263157894736,7.4,6.681818181818182,7.894736842105263,7.95,8.105263157894736,8.277777777777779,9.875,10.466666666666667,11.916666666666666,11.692307692307692,10.857142857142858,10.642857142857142,13.583333333333334,12.916666666666666,12.153846153846153,14.0,15.4,14.545454545454545,12.5,13.25,12.071428571428571,13.0,13.923076923076923,0.0,0.0,0.0,0.0,0.0,0.0,0.0,0.0,0.0,0.0,0.0,0.0
0.0,0.0,0.0,0.0,0.0,0.0,0.0,0.0,0.0,0.0,0.0,0.0,0.0,0.0,0.0,0.0,0.0,0.0,0.0,0.0,0.0,0.0,0.0,0.0,0.0,0.0,0.0,0.0,9.8,7.631578947368421,7.9,7.136363636363637,8.157894736842104,9.823529411764707,10.4375,10.8125,9.823529411764707,9.8125,9.294117647058824,9.25,10.857142857142858,12.583333333333334,14.363636363636363,17.11111111111111,15.727272727272727,12.0,16.4,14.818181818181818,13.416666666666666,12.153846153846153,12.846153846153847,13.75,12.571428571428571,12.0,16.0,0.0,0.0,0.0,0.0,0.0,0.0,0.0,0.0,0.0,0.0,0.0
0.0,0.0,0.0,0.0,0.0,0.0,0.0,0.0,0.0,0.0,0.0,0.0,0.0,0.0,0.0,0.0,0.0,0.0,0.0,0.0,0.0,0.0,0.0,0.0,0.0,0.0,0.0,0.0,8.625,7.947368421052632,8.2,7.95,9.529411764705882,9.823529411764707,10.875,10.625,10.5,8.210526315789474,8.38888888888889,9.176470588235293,11.692307692307692,11.0,14.9,15.454545454545455,13.666666666666666,12.923076923076923,14.333333333333334,12.846153846153847,15.181818181818182,15.090909090909092,11.066666666666666,14.166666666666666,13.307692307692308,17.09090909090909,17.727272727272727,16.0,0.0,0.0,0.0,0.0,0.0,0.0,0.0,0.0,0.0,0.0
0.0,0.0,0.0,0.0,0.0,0.0,0.0,0.0,0.0,0.0,0.0,0.0,0.0,0.0,0.0,0.0,0.0,0.0,0.0,0.0,0.0,0.0,0.0,0.0,0.0,0.0,0.0,0.0,8.9375,9.1875,8.578947368421053,9.941176470588236,11.133333333333333,10.5,11.266666666666667,10.375,10.0,9.9375,9.647058823529411,8.947368421052632,8.68421052631579,10.5,12.76923076923077,14.636363636363637,12.615384615384615,14.636363636363637,14.181818181818182,17.333333333333332,15.454545454545455,13.307692307692308,11.642857142857142,12.538461538461538,12.428571428571429,15.0,15.333333333333334,14.153846153846153,0.0,0.0,0.0,0.0,0.0,0.0,0.0,0.0,0.0,0.0
0.0,0.0,0.0,0.0,0.0,0.0,0.0,0.0,0.0,0.0,0.0,0.0,0.0,0.0,0.0,0.0,0.0,0.0,0.0,0.0,0.0,0.0,0.0,0.0,0.0,0.0,0.0,0.0,7.444444444444445,8.823529411764707,12.166666666666666,12.461538461538462,12.071428571428571,11.785714285714286,11.333333333333334,10.933333333333334,10.666666666666666,9.0,11.75,11.125,11.6,10.375,12.307692307692308,12.153846153846153,14.636363636363637,14.636363636363637,14.818181818181818,16.0,17.5,14.166666666666666,12.214285714285714,11.714285714285714,12.285714285714286,13.615384615384615,15.666666666666666,0.0,0.0,0.0,0.0,0.0,0.0,0.0,0.0,0.0,0.0,0.0
0.0,0.0,0.0,0.0,0.0,0.0,0.0,0.0,0.0,0.0,0.0,0.0,0.0,0.0,0.0,0.0,0.0,0.0,0.0,0.0,0.0,0.0,0.0,0.0,0.0,0.0,0.0,0.0,0.0,10.923076923076923,12.23076923076923,12.615384615384615,12.615384615384615,10.3125,11.357142857142858,9.8125,13.5,11.714285714285714,12.2,13.76923076923077,12.692307692307692,15.6,10.928571428571429,12.153846153846153,14.727272727272727,15.272727272727273,15.090909090909092,16.545454545454547,12.538461538461538,13.153846153846153,11.933333333333334,14.0,14.461538461538462,18.7,17.0,0.0,0.0,0.0,0.0,0.0,0.0,0.0,0.0,0.0,0.0,0.0
0.0,0.0,0.0,0.0,0.0,0.0,0.0,0.0,0.0,0.0,0.0,0.0,0.0,0.0,0.0,0.0,0.0,0.0,0.0,0.0,0.0,0.0,0.0,0.0,0.0,0.0,0.0,0.0,0.0,12.75,13.076923076923077,14.076923076923077,14.833333333333334,15.5,10.785714285714286,11.76923076923077,13.083333333333334,11.2,11.6,13.0,12.76923076923077,14.727272727272727,9.529411764705882,11.857142857142858,13.0,11.466666666666667,13.307692307692308,10.8125,9.368421052631579,11.25,13.923076923076923,15.25,13.923076923076923,13.142857142857142,0.0,0.0,0.0,0.0,0.0,0.0,0.0,0.0,0.0,0.0,0.0,0.0
0.0,0.0,0.0,0.0,0.0,0.0,0.0,0.0,0.0,0.0,0.0,0.0,0.0,0.0,0.0,0.0,0.0,0.0,0.0,0.0,0.0,0.0,0.0,0.0,0.0,0.0,0.0,0.0,10.733333333333333,14.083333333333334,15.166666666666666,15.666666666666666,16.0,13.5,14.272727272727273,12.307692307692308,14.0,13.153846153846153,13.76923076923077,11.0,13.384615384615385,11.6,10.5625,10.75,12.066666666666666,14.23076923076923,11.866666666666667,12.4,10.5,10.333333333333334,12.5,16.181818181818183,13.142857142857142,13.071428571428571,0.0,0.0,0.0,0.0,0.0,0.0,0.0,0.0,0.0,0.0,0.0,0.0
0.0,0.0,0.0,0.0,0.0,0.0,0.0,0.0,0.0,0.0,0.0,0.0,0.0,0.0,0.0,0.0,0.0,0.0,0.0,0.0,0.0,0.0,0.0,0.0,0.0,0.0,0.0,0.0,14.583333333333334,14.5,14.5,14.75,14.166666666666666,13.916666666666666,12.214285714285714,12.76923076923077,13.0,13.153846153846153,12.928571428571429,12.714285714285714,12.785714285714286,9.944444444444445,10.588235294117647,11.866666666666667,13.384615384615385,11.5625,13.846153846153847,11.5,10.588235294117647,11.25,10.294117647058824,12.5,13.0,0.0,0.0,0.0,0.0,0.0,0.0,0.0,0.0,0.0,0.0,0.0,0.0,0.0
0.0,0.0,0.0,0.0,0.0,0.0,0.0,0.0,0.0,0.0,0.0,0.0,0.0,0.0,0.0,0.0,0.0,0.0,0.0,0.0,0.0,0.0,0.0,0.0,0.0,0.0,0.0,0.0,0.0,14.75,14.0,15.25,13.5,13.25,13.25,12.461538461538462,12.285714285714286,15.0,14.916666666666666,12.333333333333334,11.933333333333334,13.214285714285714,13.214285714285714,11.666666666666666,13.307692307692308,12.357142857142858,13.307692307692308,11.375,11.375,12.857142857142858,9.444444444444445,11.285714285714286,9.941176470588236,0.0,0.0,0.0,0.0,0.0,0.0,0.0,0.0,0.0,0.0,0.0,0.0,0.0
0.0,0.0,0.0,0.0,0.0,0.0,0.0,0.0,0.0,0.0,0.0,0.0,0.0,0.0,0.0,0.0,0.0,0.0,0.0,0.0,0.0,0.0,0.0,0.0,0.0,0.0,0.0,0.0,0.0,13.76923076923077,13.846153846153847,15.166666666666666,11.857142857142858,7.888888888888889,11.384615384615385,13.666666666666666,16.636363636363637,10.9375,11.6,14.0,12.538461538461538,12.928571428571429,11.125,12.0,13.615384615384615,11.3125,12.066666666666666,11.058823529411764,10.444444444444445,9.15,8.65,8.210526315789474,0.0,0.0,0.0,0.0,0.0,0.0,0.0,0.0,0.0,0.0,0.0,0.0,0.0,0.0
0.0,0.0,0.0,0.0,0.0,0.0,0.0,0.0,0.0,0.0,0.0,0.0,0.0,0.0,0.0,0.0,0.0,0.0,0.0,0.0,0.0,0.0,0.0,0.0,0.0,0.0,0.0,0.0,0.0,0.0,13.615384615384615,15.333333333333334,7.0,8.6,8.055555555555555,14.666666666666666,15.0,14.416666666666666,12.538461538461538,12.307692307692308,12.076923076923077,11.142857142857142,10.2,10.333333333333334,10.8,11.235294117647058,10.764705882352942,9.789473684210526,8.652173913043478,8.428571428571429,9.38888888888889,6.739130434782608,0.0,0.0,0.0,0.0,0.0,0.0,0.0,0.0,0.0,0.0,0.0,0.0,0.0,0.0
0.0,0.0,0.0,0.0,0.0,0.0,0.0,0.0,0.0,0.0,0.0,0.0,0.0,0.0,0.0,0.0,0.0,0.0,0.0,0.0,0.0,0.0,0.0,0.0,0.0,0.0,0.0,0.0,0.0,19.666666666666668,13.0,12.538461538461538,11.23076923076923,7.833333333333333,13.818181818181818,15.909090909090908,15.636363636363637,15.909090909090908,13.083333333333334,15.1,12.916666666666666,11.357142857142858,9.933333333333334,9.8125,13.384615384615385,13.384615384615385,11.266666666666667,10.647058823529411,8.565217391304348,10.277777777777779,9.823529411764707,9.61111111111111,7.619047619047619,0.0,0.0,0.0,0.0,0.0,0.0,0.0,0.0,0.0,0.0,0.0,0.0,0.0
0.0,0.0,0.0,0.0,0.0,0.0,0.0,0.0,0.0,0.0,0.0,0.0,0.0,0.0,0.0,0.0,0.0,0.0,0.0,0.0,0.0,0.0,0.0,0.0,0.0,0.0,0.0,0.0,0.0,16.09090909090909,12.923076923076923,13.75,13.416666666666666,12.384615384615385,13.583333333333334,14.0,14.333333333333334,13.23076923076923,12.666666666666666,13.545454545454545,12.75,11.0,9.764705882352942,9.705882352941176,11.933333333333334,11.466666666666667,11.333333333333334,11.375,10.882352941176471,8.85,8.894736842105264,8.368421052631579,7.090909090909091,0.0,0.0,0.0,0.0,0.0,0.0,0.0,0.0,0.0,0.0,0.0,0.0,0.0
0.0,0.0,0.0,0.0,0.0,0.0,0.0,0.0,0.0,0.0,0.0,0.0,0.0,0.0,0.0,0.0,0.0,0.0,0.0,0.0,0.0,0.0,0.0,0.0,0.0,0.0,0.0,0.0,0.0,11.866666666666667,13.384615384615385,12.76923076923077,13.416666666666666,13.083333333333334,14.545454545454545,10.4,14.416666666666666,10.785714285714286,14.181818181818182,12.666666666666666,10.8,13.0,10.8125,9.11111111111111,10.176470588235293,11.333333333333334,12.857142857142858,11.0,8.894736842105264,8.842105263157896,8.31578947368421,7.85,8.38888888888889,9.733333333333333,0.0,0.0,0.0,0.0,0.0,0.0,0.0,0.0,0.0,0.0,0.0,0.0
0.0,0.0,0.0,0.0,0.0,0.0,0.0,0.0,0.0,0.0,0.0,0.0,0.0,0.0,0.0,0.0,0.0,0.0,0.0,0.0,0.0,0.0,0.0,0.0,0.0,0.0,0.0,0.0,14.416666666666666,15.083333333333334,15.25,13.461538461538462,10.866666666666667,12.384615384615385,13.583333333333334,10.866666666666667,12.76923076923077,9.625,14.416666666666666,12.923076923076923,10.933333333333334,10.176470588235293,7.954545454545454,10.3125,10.666666666666666,14.0,10.235294117647058,8.238095238095237,8.45,8.047619047619047,8.31578947368421,7.190476190476191,9.411764705882353,10.533333333333333,12.307692307692308,0.0,0.0,0.0,0.0,0.0,0.0,0.0,0.0,0.0,0.0,0.0
0.0,0.0,0.0,0.0,0.0,0.0,0.0,0.0,0.0,0.0,0.0,0.0,0.0,0.0,0.0,0.0,0.0,0.0,0.0,0.0,0.0,0.0,0.0,0.0,0.0,0.0,0.0,0.0,15.0,15.909090909090908,15.727272727272727,12.76923076923077,14.0,13.416666666666666,13.75,11.066666666666666,10.6,9.6,10.375,14.166666666666666,11.0,9.588235294117647,9.875,9.6875,10.571428571428571,9.0,11.333333333333334,9.333333333333334,8.736842105263158,8.85,8.526315789473685,8.833333333333334,9.529411764705882,11.642857142857142,10.1875,0.0,0.0,0.0,0.0,0.0,0.0,0.0,0.0,0.0,0.0,0.0
0.0,0.0,0.0,0.0,0.0,0.0,0.0,0.0,0.0,0.0,0.0,0.0,0.0,0.0,0.0,0.0,0.0,0.0,0.0,0.0,0.0,0.0,0.0,0.0,0.0,0.0,0.0,0.0,14.75,14.916666666666666,14.25,11.285714285714286,12.615384615384615,12.384615384615385,15.8,10.933333333333334,8.473684210526315,9.5,10.333333333333334,12.461538461538462,10.6,8.157894736842104,9.333333333333334,8.8125,8.444444444444445,9.235294117647058,9.764705882352942,9.941176470588236,10.1875,9.333333333333334,9.0,10.3125,9.470588235294118,10.75,12.714285714285714,0.0,0.0,0.0,0.0,0.0,0.0,0.0,0.0,0.0,0.0,0.0
0.0,0.0,0.0,0.0,0.0,0.0,0.0,0.0,0.0,0.0,0.0,0.0,0.0,0.0,0.0,0.0,0.0,0.0,0.0,0.0,0.0,0.0,0.0,0.0,0.0,0.0,0.0,0.0,12.76923076923077,13.75,13.083333333333334,13.090909090909092,11.615384615384615,10.615384615384615,11.76923076923077,11.538461538461538,10.066666666666666,9.571428571428571,11.416666666666666,10.066666666666666,10.928571428571429,9.5,8.75,9.235294117647058,9.8125,9.0,8.421052631578947,9.235294117647058,9.823529411764707,9.529411764705882,9.555555555555555,9.777777777777779,9.705882352941176,10.25,10.866666666666667,10.5625,0.0,0.0,0.0,0.0,0.0,0.0,0.0,0.0,0.0,0.0
0.0,0.0,0.0,0.0,0.0,0.0,0.0,0.0,0.0,0.0,0.0,0.0,0.0,0.0,0.0,0.0,0.0,0.0,0.0,0.0,0.0,0.0,0.0,0.0,0.0,0.0,0.0,0.0,0.0,14.272727272727273,11.384615384615385,14.9,12.583333333333334,12.833333333333334,12.5,12.166666666666666,9.2,9.642857142857142,10.666666666666666,8.857142857142858,9.117647058823529,9.8,9.25,8.705882352941176,8.941176470588236,8.31578947368421,9.4375,9.3125,9.352941176470589,10.533333333333333,11.285714285714286,9.05,9.631578947368421,9.263157894736842,10.470588235294118,10.058823529411764,0.0,0.0,0.0,0.0,0.0,0.0,0.0,0.0,0.0,0.0
0.0,0.0,0.0,0.0,0.0,0.0,0.0,0.0,0.0,0.0,0.0,0.0,0.0,0.0,0.0,0.0,0.0,0.0,0.0,0.0,0.0,0.0,0.0,0.0,0.0,0.0,0.0,0.0,0.0,13.583333333333334,12.833333333333334,11.615384615384615,12.545454545454545,12.0,13.272727272727273,10.071428571428571,10.538461538461538,8.375,9.214285714285714,9.666666666666666,12.0,10.2,10.133333333333333,10.066666666666666,8.368421052631579,9.235294117647058,8.941176470588236,8.941176470588236,10.214285714285714,11.916666666666666,8.833333333333334,10.9375,9.222222222222221,9.11111111111111,9.5,9.944444444444445,10.705882352941176,0.0,0.0,0.0,0.0,0.0,0.0,0.0,0.0,0.0
0.0,0.0,0.0,0.0,0.0,0.0,0.0,0.0,0.0,0.0,0.0,0.0,0.0,0.0,0.0,0.0,0.0,0.0,0.0,0.0,0.0,0.0,0.0,0.0,0.0,0.0,0.0,0.0,0.0,0.0,12.0,13.181818181818182,11.23076923076923,9.8125,9.411764705882353,9.5,9.333333333333334,9.6,8.5625,9.933333333333334,10.785714285714286,11.538461538461538,11.428571428571429,9.055555555555555,9.222222222222221,8.842105263157896,9.055555555555555,8.777777777777779,8.166666666666666,8.473684210526315,9.38888888888889,9.25,11.785714285714286,9.25,9.647058823529411,9.555555555555555,10.055555555555555,0.0,0.0,0.0,0.0,0.0,0.0,0.0,0.0,0.0
0.0,0.0,0.0,0.0,0.0,0.0,0.0,0.0,0.0,0.0,0.0,0.0,0.0,0.0,0.0,0.0,0.0,0.0,0.0,0.0,0.0,0.0,0.0,0.0,0.0,0.0,0.0,0.0,0.0,0.0,14.727272727272727,12.692307692307692,10.285714285714286,10.933333333333334,10.25,9.0,10.133333333333333,10.2,8.944444444444445,9.352941176470589,11.923076923076923,12.0,10.8,8.631578947368421,8.333333333333334,9.210526315789474,10.235294117647058,11.066666666666666,8.578947368421053,9.11111111111111,10.6875,8.555555555555555,9.277777777777779,10.625,9.222222222222221,11.125,11.0,0.0,0.0,0.0,0.0,0.0,0.0,0.0,0.0,0.0
0.0,0.0,0.0,0.0,0.0,0.0,0.0,0.0,0.0,0.0,0.0,0.0,0.0,0.0,0.0,0.0,0.0,0.0,0.0,0.0,0.0,0.0,0.0,0.0,0.0,0.0,0.0,0.0,0.0,0.0,12.692307692307692,12.153846153846153,10.533333333333333,11.571428571428571,9.11111111111111,8.894736842105264,10.117647058823529,10.6875,12.142857142857142,9.666666666666666,10.5625,9.666666666666666,10.75,9.0,8.227272727272727,9.368421052631579,10.0,9.263157894736842,8.578947368421053,10.058823529411764,9.222222222222221,10.0,9.263157894736842,10.117647058823529,10.235294117647058,9.777777777777779,9.473684210526315,9.15,0.0,0.0,0.0,0.0,0.0,0.0,0.0,0.0
0.0,0.0,0.0,0.0,0.0,0.0,0.0,0.0,0.0,0.0,0.0,0.0,0.0,0.0,0.0,0.0,0.0,0.0,0.0,0.0,0.0,0.0,0.0,0.0,0.0,0.0,0.0,0.0,0.0,0.0,14.727272727272727,0.0,20.444444444444443,13.666666666666666,11.933333333333334,9.941176470588236,10.235294117647058,11.125,10.333333333333334,12.0,10.176470588235293,10.333333333333334,9.722222222222221,9.88888888888889,8.227272727272727,10.11111111111111,10.705882352941176,9.722222222222221,10.055555555555555,10.222222222222221,9.526315789473685,9.722222222222221,9.833333333333334,8.894736842105264,11.235294117647058,10.210526315789474,10.333333333333334,10.055555555555555,0.0,0.0,0.0,0.0,0.0,0.0,0.0,0.0
0.0,0.0,0.0,0.0,0.0,0.0,0.0,0.0,0.0,0.0,0.0,0.0,0.0,0.0,0.0,0.0,0.0,0.0,0.0,0.0,0.0,0.0,0.0,0.0,0.0,0.0,0.0,0.0,0.0,0.0,0.0,0.0,0.0,0.0,8.833333333333334,10.625,10.470588235294118,10.222222222222221,11.176470588235293,11.5,12.857142857142858,10.333333333333334,10.705882352941176,10.647058823529411,9.736842105263158,10.5,10.529411764705882,9.88888888888889,10.8125,10.222222222222221,10.444444444444445,9.578947368421053,9.210526315789474,9.65,10.555555555555555,9.55,0.0,0.0,0.0,0.0,0.0,0.0,0.0,0.0,0.0,0.0
0.0,0.0,0.0,0.0,0.0,0.0,0.0,0.0,0.0,0.0,0.0,0.0,0.0,0.0,0.0,0.0,0.0,0.0,0.0,0.0,0.0,0.0,0.0,0.0,0.0,0.0,0.0,0.0,0.0,0.0,0.0,0.0,0.0,0.0,0.0,10.9375,9.68421052631579,9.263157894736842,10.470588235294118,10.647058823529411,11.4375,11.8125,11.375,10.882352941176471,10.166666666666666,9.25,9.789473684210526,11.5,11.733333333333333,10.411764705882353,7.9523809523809526,8.75,8.523809523809524,8.7,10.31578947368421,9.7,0.0,0.0,0.0,0.0,0.0,0.0,0.0,0.0,0.0,0.0
0.0,0.0,0.0,0.0,0.0,0.0,0.0,0.0,0.0,0.0,0.0,0.0,0.0,0.0,0.0,0.0,0.0,0.0,0.0,0.0,0.0,0.0,0.0,0.0,0.0,0.0,0.0,0.0,0.0,0.0,0.0,0.0,0.0,0.0,0.0,12.5,10.705882352941176,9.15,8.380952380952381,9.777777777777779,11.1875,12.0,11.4375,10.166666666666666,9.578947368421053,9.631578947368421,9.2,10.0,9.263157894736842,7.583333333333333,8.428571428571429,8.428571428571429,9.8125,11.142857142857142,8.571428571428571,10.941176470588236,0.0,0.0,0.0,0.0,0.0,0.0,0.0,0.0,0.0,0.0
0.0,0.0,0.0,0.0,0.0,0.0,0.0,0.0,0.0,0.0,0.0,0.0,0.0,0.0,0.0,0.0,0.0,0.0,0.0,0.0,0.0,0.0,0.0,0.0,0.0,0.0,0.0,0.0,0.0,0.0,0.0,0.0,0.0,0.0,0.0,13.615384615384615,11.4375,10.764705882352942,11.6,9.38888888888889,11.333333333333334,12.428571428571429,9.157894736842104,8.476190476190476,9.31578947368421,9.263157894736842,8.857142857142858,8.523809523809524,8.043478260869565,9.944444444444445,9.210526315789474,10.294117647058824,8.833333333333334,10.466666666666667,9.277777777777779,12.4,0.0,0.0,0.0,0.0,0.0,0.0,0.0,0.0,0.0,0.0
0.0,0.0,0.0,0.0,0.0,0.0,0.0,0.0,0.0,0.0,0.0,0.0,0.0,0.0,0.0,0.0,0.0,0.0,0.0,0.0,0.0,0.0,0.0,0.0,0.0,0.0,0.0,0.0,0.0,0.0,0.0,0.0,0.0,0.0,0.0,12.4,11.8125,9.944444444444445,10.375,10.375,10.6,9.294117647058824,8.19047619047619,8.75,9.263157894736842,11.5625,8.5,8.523809523809524,9.368421052631579,10.0,10.235294117647058,11.866666666666667,11.866666666666667,10.625,11.375,12.533333333333333,0.0,0.0,0.0,0.0,0.0,0.0,0.0,0.0,0.0,0.0
0.0,0.0,0.0,0.0,0.0,0.0,0.0,0.0,0.0,0.0,0.0,0.0,0.0,0.0,0.0,0.0,0.0,0.0,0.0,0.0,0.0,0.0,0.0,0.0,0.0,0.0,0.0,0.0,0.0,0.0,0.0,0.0,0.0,0.0,0.0,12.333333333333334,10.277777777777779,11.8125,9.470588235294118,9.0,10.285714285714286,9.733333333333333,8.3,8.181818181818182,10.75,11.933333333333334,8.368421052631579,8.55,9.88888888888889,11.866666666666667,10.529411764705882,11.0625,11.866666666666667,13.0,14.461538461538462,14.461538461538462,13.928571428571429,0.0,0.0,0.0,0.0,0.0,0.0,0.0,0.0,0.0
0.0,0.0,0.0,0.0,0.0,0.0,0.0,0.0,0.0,0.0,0.0,0.0,0.0,0.0,0.0,0.0,0.0,0.0,0.0,0.0,0.0,0.0,0.0,0.0,0.0,0.0,0.0,0.0,0.0,0.0,0.0,0.0,13.785714285714286,13.5,0.0,14.75,11.866666666666667,11.0625,9.176470588235293,11.23076923076923,12.363636363636363,10.461538461538462,8.05,8.894736842105264,13.461538461538462,12.0,15.5,10.470588235294118,10.294117647058824,12.066666666666666,11.4375,12.642857142857142,13.538461538461538,12.0,13.428571428571429,14.538461538461538,0.0,0.0,0.0,0.0,0.0,0.0,0.0,0.0,0.0,0.0
0.0,0.0,0.0,0.0,0.0,0.0,0.0,0.0,0.0,0.0,0.0,0.0,0.0,0.0,0.0,0.0,0.0,0.0,0.0,0.0,0.0,0.0,0.0,0.0,0.0,0.0,0.0,0.0,0.0,0.0,0.0,0.0,13.066666666666666,0.0,0.0,0.0,13.23076923076923,11.785714285714286,11.071428571428571,10.76923076923077,12.0,12.0,10.125,10.352941176470589,10.294117647058824,11.533333333333333,13.538461538461538,11.2,11.133333333333333,12.76923076923077,9.666666666666666,11.785714285714286,10.8,10.764705882352942,15.916666666666666,15.076923076923077,0.0,0.0,0.0,0.0,0.0,0.0,0.0,0.0,0.0,0.0
0.0,0.0,0.0,0.0,0.0,0.0,0.0,0.0,0.0,0.0,0.0,0.0,0.0,0.0,0.0,0.0,0.0,0.0,0.0,0.0,0.0,0.0,0.0,0.0,0.0,0.0,0.0,0.0,0.0,0.0,0.0,0.0,13.642857142857142,12.8,15.166666666666666,12.571428571428571,10.533333333333333,12.076923076923077,10.6,10.4,9.533333333333333,8.222222222222221,8.6,9.368421052631579,10.6875,11.0625,13.538461538461538,10.4375,13.076923076923077,13.583333333333334,10.066666666666666,11.714285714285714,11.571428571428571,11.928571428571429,15.0,17.727272727272727,0.0,0.0,0.0,0.0,0.0,0.0,0.0,0.0,0.0,0.0
0.0,0.0,0.0,0.0,0.0,0.0,0.0,0.0,0.0,0.0,0.0,0.0,0.0,0.0,0.0,0.0,0.0,0.0,0.0,0.0,0.0,0.0,0.0,0.0,0.0,0.0,0.0,0.0,0.0,0.0,0.0,0.0,9.68421052631579,10.833333333333334,11.6875,10.235294117647058,9.933333333333334,10.6,9.25,10.857142857142858,9.933333333333334,8.944444444444445,9.529411764705882,10.0,10.875,12.142857142857142,13.153846153846153,13.0,13.076923076923077,13.833333333333334,9.352941176470589,12.923076923076923,13.384615384615385,15.25,13.357142857142858,17.636363636363637,17.636363636363637,22.22222222222222,0.0,0.0,0.0,0.0,0.0,0.0,0.0,0.0
0.0,0.0,0.0,0.0,0.0,0.0,0.0,0.0,0.0,0.0,0.0,0.0,0.0,0.0,0.0,0.0,0.0,0.0,0.0,0.0,0.0,0.0,0.0,0.0,0.0,0.0,0.0,0.0,0.0,0.0,0.0,11.294117647058824,15.23076923076923,14.0,18.0,12.2,10.466666666666667,11.4,10.866666666666667,9.75,12.076923076923077,10.125,12.357142857142858,11.066666666666666,12.357142857142858,14.583333333333334,12.214285714285714,11.1875,10.866666666666667,10.125,12.357142857142858,12.071428571428571,13.846153846153847,13.142857142857142,12.333333333333334,14.307692307692308,16.545454545454547,14.692307692307692,0.0,0.0,0.0,0.0,0.0,0.0,0.0,0.0
0.0,0.0,0.0,0.0,0.0,0.0,0.0,0.0,0.0,0.0,0.0,0.0,0.0,0.0,0.0,0.0,0.0,0.0,0.0,0.0,0.0,0.0,0.0,0.0,0.0,0.0,0.0,0.0,0.0,0.0,11.4375,14.23076923076923,15.833333333333334,13.785714285714286,16.083333333333332,11.0,12.214285714285714,11.5,9.588235294117647,10.733333333333333,11.357142857142858,13.833333333333334,12.846153846153847,10.3125,11.6,10.625,11.933333333333334,9.666666666666666,10.235294117647058,12.76923076923077,12.714285714285714,14.25,10.933333333333334,11.266666666666667,14.0,15.333333333333334,16.545454545454547,13.0,0.0,0.0,0.0,0.0,0.0,0.0,0.0,0.0
0.0,0.0,0.0,0.0,0.0,0.0,0.0,0.0,0.0,0.0,0.0,0.0,0.0,0.0,0.0,0.0,0.0,0.0,0.0,0.0,0.0,0.0,0.0,0.0,0.0,0.0,0.0,0.0,0.0,0.0,10.588235294117647,11.5,14.692307692307692,16.416666666666668,13.133333333333333,11.8125,11.266666666666667,11.133333333333333,10.5,12.538461538461538,11.642857142857142,11.857142857142858,11.857142857142858,8.833333333333334,8.736842105263158,9.263157894736842,11.533333333333333,10.625,12.76923076923077,10.470588235294118,10.882352941176471,10.6875,12.285714285714286,11.466666666666667,12.642857142857142,14.0,14.916666666666666,10.294117647058824,0.0,0.0,0.0,0.0,0.0,0.0,0.0,0.0
0.0,0.0,0.0,0.0,0.0,0.0,0.0,0.0,0.0,0.0,0.0,0.0,0.0,0.0,0.0,0.0,0.0,0.0,0.0,0.0,0.0,0.0,0.0,0.0,0.0,0.0,0.0,0.0,0.0,12.428571428571429,12.0,13.846153846153847,14.76923076923077,13.0,11.117647058823529,11.6,11.571428571428571,10.785714285714286,9.647058823529411,10.533333333333333,10.0625,9.882352941176471,9.5,9.352941176470589,9.61111111111111,11.733333333333333,10.235294117647058,11.0625,9.555555555555555,10.666666666666666,12.6,11.375,11.375,10.176470588235293,13.384615384615385,13.846153846153847,13.538461538461538,9.944444444444445,0.0,0.0,0.0,0.0,0.0,0.0,0.0,0.0
0.0,0.0,0.0,0.0,0.0,0.0,0.0,0.0,0.0,0.0,0.0,0.0,0.0,0.0,0.0,0.0,0.0,0.0,0.0,0.0,0.0,0.0,0.0,0.0,0.0,0.0,0.0,0.0,9.647058823529411,13.615384615384615,15.25,14.916666666666666,11.3125,10.6875,9.052631578947368,10.117647058823529,12.23076923076923,9.333333333333334,10.0,9.875,8.052631578947368,9.529411764705882,9.9375,9.941176470588236,11.533333333333333,8.85,12.933333333333334,11.5625,9.047619047619047,13.0625,13.866666666666667,13.0,10.38888888888889,12.285714285714286,11.466666666666667,12.642857142857142,12.714285714285714,10.529411764705882,13.0,0.0,0.0,0.0,0.0,0.0,0.0,0.0
0.0,0.0,0.0,0.0,0.0,0.0,0.0,0.0,0.0,0.0,0.0,0.0,0.0,0.0,0.0,0.0,0.0,0.0,0.0,0.0,0.0,0.0,0.0,0.0,0.0,0.0,0.0,10.352941176470589,10.5625,13.428571428571429,13.285714285714286,12.214285714285714,12.076923076923077,11.5,8.3,8.15,8.666666666666666,8.411764705882353,8.470588235294118,9.5625,9.058823529411764,10.375,9.5,12.285714285714286,10.705882352941176,9.789473684210526,11.9375,10.444444444444445,9.142857142857142,12.375,13.4,12.875,9.6,11.375,13.923076923076923,16.545454545454547,15.916666666666666,10.0,12.785714285714286,11.875,0.0,0.0,0.0,0.0,0.0,0.0
0.0,0.0,0.0,0.0,0.0,0.0,0.0,0.0,0.0,0.0,0.0,0.0,0.0,0.0,0.0,0.0,0.0,0.0,0.0,0.0,0.0,0.0,0.0,0.0,0.0,0.0,0.0,9.0,11.25,12.2,11.4375,10.5625,11.357142857142858,9.055555555555555,8.578947368421053,7.478260869565218,10.0625,9.4375,10.066666666666666,10.6,8.68421052631579,9.222222222222221,9.421052631578947,10.588235294117647,11.533333333333333,10.25,13.357142857142858,12.0,12.666666666666666,10.882352941176471,11.9375,12.6875,12.25,13.142857142857142,13.538461538461538,16.90909090909091,15.076923076923077,14.0,13.266666666666667,13.6,12.5625,0.0,0.0,0.0,0.0,0.0
0.0,0.0,0.0,0.0,0.0,0.0,0.0,0.0,0.0,0.0,0.0,0.0,0.0,0.0,0.0,0.0,0.0,0.0,0.0,0.0,0.0,0.0,0.0,0.0,0.0,12.785714285714286,9.157894736842104,10.411764705882353,10.705882352941176,12.266666666666667,14.23076923076923,12.285714285714286,10.411764705882353,8.789473684210526,8.285714285714286,8.363636363636363,8.476190476190476,9.529411764705882,10.5625,11.533333333333333,11.928571428571429,9.722222222222221,11.529411764705882,9.5,11.933333333333334,10.866666666666667,11.75,10.263157894736842,13.266666666666667,11.176470588235293,10.5,11.294117647058824,13.714285714285714,15.75,17.4,16.90909090909091,12.466666666666667,13.066666666666666,16.583333333333332,15.23076923076923,13.428571428571429,0.0,0.0,0.0,0.0,0.0
0.0,0.0,0.0,0.0,0.0,0.0,0.0,0.0,0.0,0.0,0.0,0.0,0.0,0.0,0.0,0.0,0.0,0.0,0.0,0.0,0.0,0.0,0.0,0.0,9.4,10.470588235294118,11.666666666666666,9.823529411764707,10.058823529411764,10.764705882352942,13.214285714285714,12.857142857142858,9.529411764705882,9.411764705882353,8.095238095238095,9.31578947368421,8.363636363636363,9.833333333333334,12.357142857142858,11.133333333333333,11.933333333333334,11.5,10.05,10.35,10.157894736842104,9.578947368421053,8.590909090909092,8.695652173913043,12.117647058823529,11.470588235294118,10.722222222222221,13.714285714285714,14.071428571428571,12.8,13.692307692307692,14.0,16.166666666666668,19.6,16.916666666666668,17.90909090909091,0.0,0.0,0.0,0.0,0.0,0.0
0.0,0.0,0.0,0.0,0.0,0.0,0.0,0.0,0.0,0.0,0.0,0.0,0.0,0.0,0.0,0.0,0.0,0.0,0.0,0.0,0.0,0.0,9.058823529411764,7.7894736842105265,8.047619047619047,10.705882352941176,9.31578947368421,10.11111111111111,13.833333333333334,14.416666666666666,13.23076923076923,11.4,10.6,11.916666666666666,10.333333333333334,7.608695652173913,8.761904761904763,11.8,12.214285714285714,10.294117647058824,12.2,11.352941176470589,11.5,14.466666666666667,11.61111111111111,9.842105263157896,12.9375,10.944444444444445,11.333333333333334,9.95,14.0,14.846153846153847,14.923076923076923,13.642857142857142,11.1875,11.125,15.916666666666666,16.416666666666668,18.363636363636363,0.0,0.0,0.0,0.0,0.0,0.0,0.0
0.0,0.0,0.0,0.0,0.0,0.0,0.0,0.0,0.0,0.0,0.0,0.0,0.0,0.0,0.0,0.0,0.0,0.0,0.0,0.0,0.0,10.428571428571429,9.733333333333333,7.473684210526316,7.909090909090909,8.0,9.578947368421053,10.294117647058824,13.25,18.444444444444443,12.923076923076923,10.125,10.0,10.375,10.0,7.130434782608695,8.619047619047619,10.375,8.75,9.263157894736842,10.294117647058824,12.6,11.882352941176471,12.058823529411764,15.357142857142858,16.583333333333332,13.2,12.625,14.266666666666667,12.8125,13.125,13.133333333333333,14.923076923076923,12.6,12.714285714285714,10.529411764705882,11.6,13.857142857142858,14.692307692307692,0.0,0.0,0.0,0.0,0.0,0.0,0.0
0.0,0.0,0.0,0.0,0.0,0.0,0.0,0.0,0.0,0.0,0.0,0.0,0.0,0.0,0.0,0.0,0.0,0.0,0.0,0.0,0.0,10.357142857142858,8.470588235294118,8.333333333333334,7.217391304347826,7.857142857142857,10.1875,10.0625,12.76923076923077,16.2,10.4375,8.222222222222221,12.083333333333334,13.363636363636363,11.833333333333334,9.764705882352942,9.777777777777779,11.0625,10.833333333333334,12.375,9.105263157894736,8.619047619047619,10.38888888888889,10.38888888888889,15.0,11.588235294117647,13.6,14.461538461538462,15.428571428571429,15.285714285714286,15.76923076923077,11.705882352941176,16.25,12.0625,13.692307692307692,13.76923076923077,11.235294117647058,11.375,0.0,0.0,0.0,0.0,0.0,0.0,0.0,0.0
0.0,0.0,0.0,0.0,0.0,0.0,0.0,0.0,0.0,0.0,0.0,0.0,0.0,0.0,0.0,0.0,0.0,0.0,0.0,0.0,7.421052631578948,6.181818181818182,7.7368421052631575,6.12,6.32,6.1923076923076925,7.85,8.722222222222221,9.88888888888889,9.157894736842104,9.31578947368421,9.5,14.083333333333334,14.545454545454545,12.153846153846153,12.133333333333333,11.647058823529411,11.6875,11.117647058823529,13.928571428571429,11.705882352941176,12.133333333333333,9.0,9.7,8.55,12.0625,12.4375,17.25,16.75,15.615384615384615,15.615384615384615,12.8,15.0,13.785714285714286,13.428571428571429,14.461538461538462,14.384615384615385,11.25,11.1875,0.0,0.0,0.0,0.0,0.0,0.0,0.0
0.0,0.0,0.0,0.0,0.0,0.0,0.0,0.0,0.0,0.0,0.0,0.0,0.0,8.2,0.0,0.0,0.0,0.0,0.0,8.764705882352942,8.470588235294118,9.125,8.277777777777779,7.75,9.055555555555555,6.956521739130435,6.818181818181818,7.7727272727272725,8.95,12.933333333333334,9.55,15.833333333333334,14.153846153846153,10.176470588235293,11.4,13.285714285714286,11.352941176470589,10.444444444444445,12.4,10.444444444444445,10.0,10.833333333333334,9.473684210526315,7.869565217391305,8.0,12.235294117647058,12.294117647058824,16.0,15.384615384615385,14.357142857142858,12.1875,16.083333333333332,15.916666666666666,13.714285714285714,11.75,14.23076923076923,16.545454545454547,12.266666666666667,13.0,14.23076923076923,0.0,0.0,0.0,0.0,0.0,0.0
0.0,0.0,0.0,0.0,0.0,0.0,0.0,0.0,0.0,0.0,0.0,0.0,0.0,0.0,12.3,0.0,0.0,0.0,7.444444444444445,0.0,7.9,9.8,9.0,9.875,8.142857142857142,6.75,8.55,7.416666666666667,11.117647058823529,10.157894736842104,10.777777777777779,13.733333333333333,14.142857142857142,12.0,14.75,17.4,11.785714285714286,11.866666666666667,13.384615384615385,12.4375,9.789473684210526,9.8,10.444444444444445,9.2,9.318181818181818,11.764705882352942,15.846153846153847,15.923076923076923,17.166666666666668,13.857142857142858,13.428571428571429,14.461538461538462,15.916666666666666,16.166666666666668,14.692307692307692,12.466666666666667,14.307692307692308,13.0,13.142857142857142,13.357142857142858,19.4,23.11111111111111,0.0,0.0,0.0,0.0
0.0,0.0,0.0,0.0,0.0,0.0,0.0,0.0,0.0,0.0,0.0,8.428571428571429,0.0,0.0,11.7,0.0,9.833333333333334,9.214285714285714,9.428571428571429,7.277777777777778,8.222222222222221,7.380952380952381,8.470588235294118,8.210526315789474,8.380952380952381,7.565217391304348,7.695652173913044,9.142857142857142,9.85,10.473684210526315,11.647058823529411,11.470588235294118,12.933333333333334,14.214285714285714,12.933333333333334,11.0625,15.363636363636363,9.9375,9.166666666666666,9.1,11.625,10.210526315789474,10.0,11.055555555555555,11.105263157894736,13.25,14.0,17.666666666666668,11.777777777777779,15.153846153846153,12.1875,13.642857142857142,12.866666666666667,13.571428571428571,13.2,14.923076923076923,13.571428571428571,11.117647058823529,10.235294117647058,17.272727272727273,16.916666666666668,16.416666666666668,20.7,0.0,0.0,0.0
0.0,0.0,0.0,0.0,0.0,0.0,0.0,0.0,0.0,0.0,0.0,0.0,0.0,0.0,9.416666666666666,9.076923076923077,9.583333333333334,8.125,8.0,8.875,7.888888888888889,8.61111111111111,8.0,8.210526315789474,8.0,8.285714285714286,8.5,9.3,10.666666666666666,12.3125,14.142857142857142,11.882352941176471,12.4375,13.133333333333333,13.571428571428571,11.625,10.11111111111111,8.85,7.0,9.5,10.38888888888889,12.5625,11.0,10.777777777777779,11.705882352941176,14.466666666666667,15.285714285714286,16.307692307692307,15.923076923076923,11.294117647058824,12.533333333333333,11.058823529411764,13.428571428571429,14.692307692307692,11.235294117647058,13.714285714285714,14.384615384615385,13.214285714285714,13.428571428571429,13.142857142857142,15.0,15.153846153846153,26.375,20.9,20.4,0.0
0.0,0.0,0.0,0.0,0.0,0.0,0.0,0.0,0.0,0.0,0.0,0.0,0.0,0.0,13.0,7.8125,7.611111111111111,7.1,6.863636363636363,6.9523809523809526,8.15,6.7727272727272725,6.7272727272727275,7.130434782608695,7.0,7.681818181818182,7.409090909090909,8.857142857142858,10.333333333333334,12.125,13.066666666666666,11.941176470588236,13.066666666666666,14.461538461538462,13.357142857142858,11.4375,8.9,6.217391304347826,5.730769230769231,8.55,9.157894736842104,10.222222222222221,12.352941176470589,10.4,11.263157894736842,14.928571428571429,16.153846153846153,16.53846153846154,13.533333333333333,9.944444444444445,10.944444444444445,10.578947368421053,11.764705882352942,12.5625,13.2,14.714285714285714,12.5625,14.357142857142858,20.3,19.363636363636363,20.9,23.77777777777778,16.916666666666668,18.363636363636363,20.0,0.0
0.0,0.0,0.0,0.0,0.0,0.0,0.0,0.0,0.0,0.0,0.0,0.0,8.166666666666666,9.0,8.461538461538462,8.588235294117647,8.15,8.736842105263158,10.411764705882353,11.0,10.411764705882353,9.222222222222221,8.38888888888889,7.15,7.2272727272727275,8.238095238095237,10.0,9.631578947368421,10.105263157894736,11.411764705882353,14.357142857142858,12.8125,13.642857142857142,12.4,9.842105263157896,9.88888888888889,9.526315789473685,7.956521739130435,7.857142857142857,7.571428571428571,8.95,10.0,9.545454545454545,11.823529411764707,10.88888888888889,11.705882352941176,16.384615384615383,14.285714285714286,14.357142857142858,13.0,11.055555555555555,11.052631578947368,10.882352941176471,12.928571428571429,14.928571428571429,15.0,15.428571428571429,13.875,16.307692307692307,20.7,23.11111111111111,24.75,19.9,15.833333333333334,12.933333333333334,22.77777777777778
0.0,0.0,0.0,0.0,0.0,0.0,0.0,0.0,0.0,0.0,0.0,0.0,0.0,7.8,7.0,10.9375,10.529411764705882,12.285714285714286,11.117647058823529,10.941176470588236,10.61111111111111,11.333333333333334,7.571428571428571,8.421052631578947,11.117647058823529,11.333333333333334,9.833333333333334,10.8125,11.8,12.8,11.625,10.578947368421053,9.736842105263158,9.736842105263158,9.35,8.136363636363637,8.95,8.666666666666666,8.090909090909092,8.714285714285714,8.608695652173912,9.523809523809524,10.45,11.764705882352942,14.357142857142858,16.916666666666668,17.75,15.214285714285714,11.222222222222221,13.785714285714286,11.941176470588236,12.705882352941176,15.416666666666666,18.4,16.384615384615383,20.545454545454547,12.166666666666666,17.076923076923077,17.666666666666668,18.727272727272727,18.454545454545453,22.666666666666668,16.916666666666668,18.0,20.0,25.875
0.0,0.0,0.0,0.0,0.0,0.0,0.0,0.0,0.0,0.0,0.0,0.0,0.0,11.166666666666666,7.9,11.866666666666667,9.722222222222221,10.8125,11.5625,10.210526315789474,9.588235294117647,9.9375,9.941176470588236,11.333333333333334,11.5,13.714285714285714,9.944444444444445,11.4,10.705882352941176,11.625,12.0625,11.0,13.6,10.166666666666666,9.15,10.777777777777779,10.38888888888889,10.444444444444445,10.944444444444445,10.0,9.789473684210526,9.6,10.8,9.904761904761905,12.8125,12.0,14.2,14.266666666666667,13.2,15.0,13.466666666666667,12.117647058823529,16.333333333333332,18.181818181818183,13.533333333333333,18.833333333333332,12.277777777777779,16.0,14.928571428571429,20.5,18.454545454545453,18.454545454545453,14.928571428571429,17.25,20.6,23.0
0.0,0.0,0.0,0.0,0.0,0.0,0.0,0.0,0.0,0.0,0.0,0.0,0.0,11.615384615384615,11.285714285714286,11.625,10.75,10.529411764705882,10.263157894736842,12.933333333333334,9.555555555555555,10.333333333333334,11.133333333333333,9.0,11.5625,9.777777777777779,8.55,8.578947368421053,9.722222222222221,10.0,12.25,9.9,12.666666666666666,14.666666666666666,11.666666666666666,12.066666666666666,11.0625,12.2,12.6875,12.5625,9.476190476190476,10.263157894736842,8.590909090909092,11.0,13.0625,12.529411764705882,13.0,12.933333333333334,13.8,12.375,13.714285714285714,13.0,12.8,15.538461538461538,14.214285714285714,17.384615384615383,14.466666666666667,17.583333333333332,14.0,18.727272727272727,17.416666666666668,13.0,16.153846153846153,17.0,23.11111111111111,23.22222222222222
0.0,0.0,0.0,0.0,0.0,0.0,0.0,0.0,0.0,0.0,0.0,0.0,0.0,11.142857142857142,12.153846153846153,12.461538461538462,9.833333333333334,10.157894736842104,10.263157894736842,12.866666666666667,12.266666666666667,10.8125,11.866666666666667,10.11111111111111,11.117647058823529,11.0,11.61111111111111,10.15,10.941176470588236,9.947368421052632,10.764705882352942,10.6875,10.1875,10.625,11.4,11.133333333333333,12.142857142857142,9.833333333333334,12.875,14.071428571428571,9.789473684210526,7.826086956521739,7.9523809523809526,12.1875,10.45,10.6,10.944444444444445,9.631578947368421,11.411764705882353,11.5625,12.3125,10.588235294117647,12.933333333333334,19.0,15.071428571428571,14.6,18.333333333333332,15.714285714285714,19.545454545454547,15.214285714285714,12.705882352941176,20.454545454545453,18.333333333333332,19.727272727272727,21.7,26.75
0.0,0.0,0.0,0.0,0.0,0.0,0.0,0.0,0.0,0.0,0.0,0.0,0.0,11.692307692307692,13.0,14.0,9.444444444444445,9.210526315789474,12.4,10.5,11.0,11.857142857142858,10.0,11.25,11.75,14.066666666666666,11.31578947368421,12.411764705882353,9.904761904761905,11.411764705882353,10.875,11.133333333333333,7.7894736842105265,7.6,8.5,9.764705882352942,13.615384615384615,10.777777777777779,10.722222222222221,11.117647058823529,11.294117647058824,8.227272727272727,9.45,10.947368421052632,11.789473684210526,9.571428571428571,11.647058823529411,12.733333333333333,11.235294117647058,12.2,11.875,10.764705882352942,12.2,15.642857142857142,14.571428571428571,14.266666666666667,18.5,13.411764705882353,13.647058823529411,15.333333333333334,15.928571428571429,21.8,18.0,23.333333333333332,23.444444444444443,0.0
0.0,0.0,0.0,0.0,0.0,0.0,0.0,0.0,0.0,0.0,0.0,0.0,0.0,12.416666666666666,12.5,13.833333333333334,10.166666666666666,9.631578947368421,11.875,9.947368421052632,12.357142857142858,11.428571428571429,9.8125,13.538461538461538,10.9375,11.9375,11.0625,12.0,10.25,9.75,11.125,12.357142857142858,8.277777777777779,7.7368421052631575,9.866666666666667,8.05,15.0,12.714285714285714,11.0625,7.208333333333333,13.285714285714286,11.352941176470589,11.823529411764707,13.3125,9.952380952380953,10.105263157894736,11.588235294117647,12.3125,12.866666666666667,12.6,12.4,11.4375,8.952380952380953,9.409090909090908,13.3125,14.466666666666667,14.8,13.25,12.421052631578947,16.923076923076923,17.5,19.363636363636363,23.444444444444443,21.0,23.444444444444443,0.0
0.0,0.0,0.0,0.0,0.0,0.0,0.0,0.0,0.0,0.0,0.0,0.0,0.0,13.363636363636363,12.75,12.538461538461538,11.0625,9.666666666666666,11.75,11.6875,10.411764705882353,12.142857142857142,11.714285714285714,11.866666666666667,9.666666666666666,10.176470588235293,11.823529411764707,11.941176470588236,9.454545454545455,9.1,10.875,11.6,8.666666666666666,7.894736842105263,9.466666666666667,7.238095238095238,11.5,12.538461538461538,15.636363636363637,11.055555555555555,16.5,13.733333333333333,11.777777777777779,9.454545454545455,10.15,11.222222222222221,11.666666666666666,11.470588235294118,12.933333333333334,11.8125,6.8,7.454545454545454,8.947368421052632,13.133333333333333,14.214285714285714,14.133333333333333,13.533333333333333,12.75,12.722222222222221,17.46153846153846,17.5,21.1,21.5,21.5,0.0,0.0
0.0,0.0,0.0,0.0,0.0,0.0,0.0,0.0,0.0,0.0,0.0,0.0,0.0,12.833333333333334,14.333333333333334,15.909090909090908,11.133333333333333,13.846153846153847,10.705882352941176,8.8,9.526315789473685,10.444444444444445,9.944444444444445,9.421052631578947,8.95,7.565217391304348,9.45,10.157894736842104,9.947368421052632,8.090909090909092,10.3125,10.0625,7.631578947368421,8.375,9.466666666666667,9.0,9.8,17.4,15.0,14.461538461538462,13.333333333333334,10.947368421052632,10.944444444444445,10.142857142857142,11.61111111111111,11.823529411764707,12.8,12.2,13.142857142857142,11.933333333333334,8.25,8.789473684210526,9.941176470588236,14.538461538461538,15.833333333333334,14.923076923076923,13.857142857142858,14.214285714285714,14.0,17.333333333333332,18.818181818181817,23.22222222222222,20.7,21.0,0.0,0.0
0.0,0.0,0.0,0.0,0.0,0.0,0.0,0.0,0.0,0.0,0.0,0.0,0.0,0.0,13.916666666666666,10.733333333333333,10.1875,11.4,12.785714285714286,10.058823529411764,11.933333333333334,11.5,11.5,8.75,8.5,8.7,6.52,8.285714285714286,10.0,13.0625,10.473684210526315,9.294117647058824,7.388888888888889,9.117647058823529,7.3,8.555555555555555,8.647058823529411,14.833333333333334,16.545454545454547,16.272727272727273,12.866666666666667,13.466666666666667,12.75,11.055555555555555,13.0,13.133333333333333,12.333333333333334,11.733333333333333,15.333333333333334,14.076923076923077,11.25,10.8,12.125,14.923076923076923,14.76923076923077,12.714285714285714,14.76923076923077,11.823529411764707,17.916666666666668,15.538461538461538,22.22222222222222,20.3,19.09090909090909,0.0,0.0,0.0
0.0,0.0,0.0,0.0,0.0,0.0,0.0,0.0,0.0,0.0,0.0,0.0,0.0,16.0,14.8,13.538461538461538,11.714285714285714,11.0,10.058823529411764,11.176470588235293,10.5625,9.052631578947368,9.222222222222221,10.375,8.8,9.555555555555555,7.666666666666667,10.588235294117647,10.45,20.0,16.916666666666668,9.25,8.823529411764707,9.944444444444445,11.785714285714286,11.466666666666667,10.0,12.384615384615385,12.214285714285714,13.142857142857142,12.466666666666667,13.2,12.5,11.9375,11.941176470588236,13.571428571428571,11.6875,15.461538461538462,14.461538461538462,14.0,13.285714285714286,14.615384615384615,13.066666666666666,12.933333333333334,13.642857142857142,9.526315789473685,12.294117647058824,16.833333333333332,16.166666666666668,16.416666666666668,16.5,16.75,0.0,0.0,0.0,0.0
0.0,0.0,0.0,0.0,0.0,0.0,0.0,0.0,0.0,0.0,0.0,0.0,0.0,14.3,12.25,10.066666666666666,9.61111111111111,10.222222222222221,9.55,8.9,10.0,11.066666666666666,9.529411764705882,11.2,11.2,8.833333333333334,10.125,9.722222222222221,11.166666666666666,8.727272727272727,9.722222222222221,10.411764705882353,10.133333333333333,13.454545454545455,12.636363636363637,11.0,10.266666666666667,9.6875,11.428571428571429,12.923076923076923,13.5,15.692307692307692,17.083333333333332,13.6,16.307692307692307,16.333333333333332,16.5,16.5,16.583333333333332,16.666666666666668,13.857142857142858,11.9375,11.875,10.263157894736842,10.45,10.095238095238095,12.055555555555555,12.75,14.692307692307692,15.916666666666666,13.785714285714286,15.307692307692308,0.0,0.0,0.0,0.0
0.0,0.0,0.0,0.0,0.0,0.0,0.0,0.0,0.0,0.0,0.0,0.0,0.0,0.0,13.727272727272727,11.357142857142858,9.444444444444445,10.823529411764707,12.928571428571429,12.0,10.117647058823529,15.181818181818182,15.454545454545455,13.384615384615385,9.38888888888889,11.071428571428571,10.928571428571429,9.9375,10.1875,11.5,10.9375,9.944444444444445,10.866666666666667,11.0,11.333333333333334,10.428571428571429,15.2,9.6875,11.923076923076923,11.4,14.0,13.357142857142858,14.785714285714286,15.461538461538462,15.916666666666666,18.545454545454547,19.7,19.4,21.22222222222222,14.76923076923077,12.866666666666667,12.0,11.166666666666666,10.789473684210526,8.791666666666666,12.9375,12.0,11.235294117647058,13.461538461538462,13.923076923076923,14.76923076923077,0.0,0.0,0.0,0.0,0.0
0.0,0.0,0.0,0.0,0.0,0.0,0.0,0.0,0.0,0.0,0.0,0.0,0.0,0.0,10.214285714285714,8.375,8.333333333333334,11.066666666666666,11.642857142857142,12.307692307692308,9.833333333333334,13.416666666666666,11.357142857142858,17.0,12.0,11.0,11.714285714285714,9.75,9.0,9.470588235294118,10.176470588235293,11.533333333333333,12.846153846153847,10.866666666666667,11.615384615384615,12.25,12.083333333333334,13.25,11.142857142857142,12.571428571428571,16.181818181818183,14.285714285714286,16.0,15.5,14.071428571428571,20.4,16.25,20.77777777777778,17.454545454545453,13.857142857142858,11.058823529411764,10.842105263157896,13.8,12.75,13.1875,12.625,12.533333333333333,11.1875,16.09090909090909,13.923076923076923,0.0,0.0,0.0,0.0,0.0,0.0
0.0,0.0,0.0,0.0,0.0,0.0,0.0,0.0,0.0,0.0,0.0,0.0,0.0,0.0,8.9375,8.933333333333334,8.5,11.785714285714286,12.923076923076923,11.466666666666667,9.9375,13.5,15.3,14.909090909090908,16.0,13.363636363636363,9.933333333333334,9.625,8.8125,10.933333333333334,13.615384615384615,12.428571428571429,15.818181818181818,12.571428571428571,10.533333333333333,10.714285714285714,11.428571428571429,10.1875,12.615384615384615,14.307692307692308,13.583333333333334,12.0,14.538461538461538,16.416666666666668,13.857142857142858,18.181818181818183,24.875,19.3,17.90909090909091,15.153846153846153,16.583333333333332,17.333333333333332,14.0,16.90909090909091,10.31578947368421,9.944444444444445,11.466666666666667,13.538461538461538,11.8,0.0,0.0,0.0,0.0,0.0,0.0,0.0
0.0,0.0,0.0,0.0,0.0,0.0,0.0,0.0,0.0,0.0,0.0,0.0,0.0,11.25,8.411764705882353,9.2,9.466666666666667,10.466666666666667,12.066666666666666,14.538461538461538,12.214285714285714,13.5,13.416666666666666,13.083333333333334,17.333333333333332,14.9,11.142857142857142,11.571428571428571,12.384615384615385,12.071428571428571,11.6,12.642857142857142,15.909090909090908,14.75,15.545454545454545,11.692307692307692,9.5,11.214285714285714,10.352941176470589,7.7272727272727275,12.0,14.615384615384615,15.25,15.5,16.90909090909091,15.75,21.333333333333332,17.09090909090909,14.307692307692308,14.285714285714286,14.285714285714286,18.454545454545453,12.866666666666667,11.0,11.625,12.071428571428571,15.818181818181818,16.181818181818183,15.0,0.0,0.0,0.0,0.0,0.0,0.0,0.0
0.0,0.0,0.0,0.0,0.0,0.0,0.0,0.0,0.0,0.0,0.0,0.0,0.0,0.0,10.071428571428571,9.333333333333334,10.071428571428571,12.75,13.307692307692308,12.285714285714286,15.583333333333334,13.0,13.5,12.615384615384615,16.0,15.1,11.923076923076923,12.461538461538462,10.0,10.529411764705882,11.785714285714286,14.0,14.583333333333334,14.833333333333334,17.3,16.3,10.214285714285714,9.857142857142858,10.666666666666666,10.529411764705882,12.8125,18.833333333333332,17.166666666666668,13.928571428571429,18.0,15.5,16.818181818181817,16.90909090909091,17.25,20.4,16.666666666666668,15.75,17.545454545454547,12.0,11.4375,12.785714285714286,13.142857142857142,15.083333333333334,0.0,0.0,0.0,0.0,0.0,0.0,0.0,0.0
0.0,0.0,0.0,0.0,0.0,0.0,0.0,0.0,0.0,0.0,0.0,0.0,0.0,0.0,11.916666666666666,8.5625,9.733333333333333,11.692307692307692,12.571428571428571,13.384615384615385,13.928571428571429,13.538461538461538,15.090909090909092,12.615384615384615,14.181818181818182,12.583333333333334,11.76923076923077,11.2,13.23076923076923,14.384615384615385,14.727272727272727,13.833333333333334,12.5,12.923076923076923,15.727272727272727,15.363636363636363,8.947368421052632,8.823529411764707,11.571428571428571,15.214285714285714,16.333333333333332,16.75,15.461538461538462,16.727272727272727,16.90909090909091,14.307692307692308,15.416666666666666,17.727272727272727,17.166666666666668,17.727272727272727,15.833333333333334,16.363636363636363,11.6875,14.538461538461538,15.833333333333334,13.571428571428571,12.333333333333334,12.785714285714286,0.0,0.0,0.0,0.0,0.0,0.0,0.0,0.0
0.0,0.0,0.0,0.0,0.0,0.0,0.0,0.0,0.0,0.0,0.0,0.0,0.0,16.1,15.777777777777779,13.454545454545455,13.818181818181818,13.636363636363637,11.5,10.823529411764707,11.6875,13.75,13.0,15.0,10.571428571428571,11.133333333333333,12.307692307692308,12.615384615384615,15.454545454545455,15.5,14.454545454545455,14.166666666666666,10.588235294117647,11.176470588235293,12.857142857142858,11.375,11.466666666666667,11.666666666666666,12.785714285714286,16.833333333333332,14.214285714285714,12.4,16.25,15.0,18.0,14.384615384615385,15.0,16.416666666666668,16.25,15.5,14.833333333333334,14.0,13.214285714285714,14.615384615384615,13.357142857142858,12.2,11.3125,0.0,0.0,0.0,0.0,0.0,0.0,0.0,0.0,0.0
0.0,0.0,0.0,0.0,0.0,0.0,0.0,0.0,0.0,0.0,0.0,0.0,0.0,0.0,17.22222222222222,11.538461538461538,14.1,14.0,15.6,13.846153846153847,13.714285714285714,13.153846153846153,15.6,14.727272727272727,11.285714285714286,11.466666666666667,11.714285714285714,14.636363636363637,13.833333333333334,16.6,16.363636363636363,9.6,12.6875,14.133333333333333,12.125,11.6875,11.625,12.133333333333333,13.285714285714286,17.0,13.6,15.23076923076923,13.285714285714286,12.285714285714286,15.090909090909092,11.0,12.714285714285714,13.214285714285714,13.5,16.272727272727273,19.11111111111111,14.846153846153847,12.533333333333333,15.416666666666666,15.25,15.0,0.0,0.0,0.0,0.0,0.0,0.0,0.0,0.0,0.0,0.0
0.0,0.0,0.0,0.0,0.0,0.0,0.0,0.0,0.0,0.0,0.0,0.0,0.0,13.076923076923077,13.75,15.333333333333334,13.0,13.454545454545455,12.461538461538462,12.142857142857142,12.857142857142858,14.166666666666666,11.285714285714286,16.5,14.166666666666666,11.466666666666667,9.705882352941176,16.1,13.909090909090908,14.23076923076923,14.916666666666666,12.666666666666666,12.533333333333333,12.705882352941176,13.785714285714286,13.2,10.588235294117647,11.6,11.5,15.833333333333334,14.76923076923077,14.76923076923077,13.642857142857142,15.636363636363637,15.909090909090908,11.714285714285714,12.0,12.333333333333334,12.666666666666666,13.928571428571429,17.454545454545453,19.666666666666668,19.555555555555557,16.818181818181817,15.083333333333334,0.0,0.0,0.0,0.0,0.0,0.0,0.0,0.0,0.0,0.0,0.0
0.0,0.0,0.0,0.0,0.0,0.0,0.0,0.0,0.0,0.0,0.0,0.0,0.0,14.583333333333334,12.384615384615385,13.272727272727273,12.416666666666666,11.571428571428571,12.692307692307692,10.0,8.157894736842104,10.428571428571429,8.8125,11.571428571428571,13.76923076923077,12.714285714285714,10.933333333333334,12.142857142857142,14.916666666666666,15.083333333333334,15.25,12.266666666666667,12.0625,7.9,10.470588235294118,12.76923076923077,9.722222222222221,10.235294117647058,11.4375,14.923076923076923,17.727272727272727,18.7,15.384615384615385,17.3,13.583333333333334,13.5,9.529411764705882,10.444444444444445,13.785714285714286,14.923076923076923,17.0,19.666666666666668,22.125,19.88888888888889,0.0,0.0,0.0,0.0,0.0,0.0,0.0,0.0,0.0,0.0,0.0,0.0
0.0,0.0,0.0,0.0,0.0,0.0,0.0,0.0,0.0,0.0,0.0,0.0,11.714285714285714,11.933333333333334,12.23076923076923,11.5,9.933333333333334,11.153846153846153,8.61111111111111,7.764705882352941,7.9411764705882355,8.5625,9.733333333333333,14.0,13.923076923076923,11.857142857142858,11.8,11.333333333333334,13.23076923076923,14.583333333333334,12.571428571428571,8.35,14.916666666666666,9.210526315789474,9.9375,9.9375,10.928571428571429,10.235294117647058,13.0,13.285714285714286,16.333333333333332,17.181818181818183,19.6,15.818181818181818,17.444444444444443,10.785714285714286,10.866666666666667,11.5,13.857142857142858,17.09090909090909,15.083333333333334,14.833333333333334,18.1,0.0,0.0,0.0,0.0,0.0,0.0,0.0,0.0,0.0,0.0,0.0,0.0,0.0
0.0,0.0,0.0,0.0,0.0,0.0,0.0,0.0,0.0,0.0,0.0,0.0,12.857142857142858,15.090909090909092,11.214285714285714,7.631578947368421,7.55,9.294117647058824,10.375,7.176470588235294,10.909090909090908,9.571428571428571,10.857142857142858,14.416666666666666,12.133333333333333,14.461538461538462,11.666666666666666,11.928571428571429,12.583333333333334,9.8,8.666666666666666,8.5,10.9375,11.1875,11.714285714285714,10.411764705882353,10.714285714285714,11.692307692307692,11.125,14.916666666666666,15.25,16.272727272727273,20.77777777777778,14.166666666666666,14.272727272727273,12.384615384615385,11.4,11.25,14.461538461538462,11.866666666666667,14.833333333333334,17.272727272727273,17.363636363636363,0.0,0.0,0.0,0.0,0.0,0.0,0.0,0.0,0.0,0.0,0.0,0.0,0.0
0.0,0.0,0.0,0.0,0.0,0.0,0.0,0.0,0.0,0.0,0.0,14.307692307692308,12.692307692307692,11.133333333333333,9.411764705882353,6.454545454545454,7.142857142857143,8.285714285714286,8.714285714285714,8.352941176470589,11.166666666666666,10.916666666666666,13.636363636363637,12.428571428571429,14.538461538461538,14.615384615384615,10.352941176470589,10.8125,10.928571428571429,12.333333333333334,10.3125,9.823529411764707,12.428571428571429,12.571428571428571,12.928571428571429,10.176470588235293,11.266666666666667,11.266666666666667,13.384615384615385,14.416666666666666,14.0,13.357142857142858,15.363636363636363,16.1,13.166666666666666,11.266666666666667,12.214285714285714,16.363636363636363,13.071428571428571,11.866666666666667,11.8,0.0,0.0,0.0,0.0,0.0,0.0,0.0,0.0,0.0,0.0,0.0,0.0,0.0,0.0,0.0
0.0,0.0,0.0,0.0,0.0,0.0,0.0,0.0,0.0,0.0,9.411764705882353,0.0,10.2,9.166666666666666,8.4,7.238095238095238,8.157894736842104,7.85,10.0,9.352941176470589,10.142857142857142,9.666666666666666,10.0,10.266666666666667,10.3125,12.23076923076923,11.266666666666667,15.363636363636363,11.666666666666666,12.533333333333333,11.533333333333333,14.909090909090908,10.5,11.6,10.411764705882353,9.777777777777779,9.8,14.428571428571429,13.785714285714286,12.333333333333334,13.0,12.8,13.6,14.272727272727273,13.666666666666666,12.307692307692308,13.5,13.538461538461538,13.615384615384615,13.76923076923077,13.5,0.0,0.0,0.0,0.0,0.0,0.0,0.0,0.0,0.0,0.0,0.0,0.0,0.0,0.0,0.0
0.0,0.0,0.0,0.0,0.0,0.0,0.0,0.0,0.0,0.0,0.0,10.538461538461538,9.5,8.19047619047619,10.571428571428571,8.222222222222221,9.933333333333334,9.058823529411764,7.842105263157895,9.0,8.277777777777779,8.705882352941176,11.23076923076923,9.0625,14.090909090909092,11.066666666666666,11.375,13.071428571428571,15.583333333333334,15.166666666666666,12.785714285714286,14.538461538461538,10.647058823529411,11.875,10.470588235294118,9.0,10.105263157894736,13.533333333333333,15.307692307692308,14.23076923076923,14.25,15.75,15.5,15.083333333333334,15.0,12.692307692307692,12.923076923076923,12.5,12.2,11.0625,0.0,0.0,0.0,0.0,0.0,0.0,0.0,0.0,0.0,0.0,0.0,0.0,0.0,0.0,0.0,0.0
0.0,0.0,0.0,0.0,0.0,0.0,0.0,0.0,0.0,10.846153846153847,11.384615384615385,10.916666666666666,9.8,8.11111111111111,8.625,8.055555555555555,10.642857142857142,11.066666666666666,8.736842105263158,9.666666666666666,8.9375,7.842105263157895,8.411764705882353,10.75,14.8,10.9375,12.25,9.352941176470589,15.454545454545455,18.0,14.636363636363637,12.0,9.944444444444445,10.823529411764707,12.0625,13.8,11.941176470588236,16.25,13.428571428571429,16.818181818181817,12.923076923076923,13.833333333333334,14.727272727272727,14.416666666666666,13.25,11.75,12.642857142857142,14.23076923076923,11.5,0.0,0.0,0.0,0.0,0.0,0.0,0.0,0.0,0.0,0.0,0.0,0.0,0.0,0.0,0.0,0.0,0.0
0.0,0.0,0.0,17.5,17.333333333333332,17.416666666666668,16.166666666666668,0.0,0.0,0.0,13.0,0.0,0.0,8.375,7.647058823529412,10.8,13.0,13.23076923076923,11.533333333333333,10.266666666666667,10.4375,9.235294117647058,8.777777777777779,9.3125,10.0625,12.357142857142858,11.928571428571429,10.857142857142858,11.571428571428571,12.5,15.333333333333334,11.2,11.588235294117647,12.5625,10.5,11.625,14.307692307692308,14.666666666666666,17.4,20.0,11.2,12.23076923076923,13.416666666666666,17.88888888888889,12.25,10.857142857142858,11.933333333333334,13.133333333333333,0.0,0.0,0.0,0.0,0.0,0.0,0.0,0.0,0.0,0.0,0.0,0.0,0.0,0.0,0.0,0.0,0.0,0.0
0.0,20.1,18.0,16.384615384615383,16.23076923076923,14.785714285714286,13.928571428571429,14.307692307692308,0.0,11.461538461538462,10.571428571428571,13.909090909090908,13.090909090909092,0.0,10.692307692307692,13.916666666666666,10.75,10.222222222222221,10.75,12.357142857142858,11.714285714285714,9.9375,9.0,10.0625,11.642857142857142,16.09090909090909,14.416666666666666,10.066666666666666,9.235294117647058,11.125,13.692307692307692,13.333333333333334,13.928571428571429,14.307692307692308,11.333333333333334,11.2,10.75,10.5625,14.818181818181818,16.1,11.857142857142858,11.538461538461538,16.333333333333332,12.5,0.0,9.6875,11.0625,0.0,0.0,0.0,0.0,0.0,0.0,0.0,0.0,0.0,0.0,0.0,0.0,0.0,0.0,0.0,0.0,0.0,0.0,0.0
16.083333333333332,0.0,16.23076923076923,16.46153846153846,16.53846153846154,17.0,14.214285714285714,12.266666666666667,12.833333333333334,0.0,12.666666666666666,14.090909090909092,13.727272727272727,10.357142857142858,12.384615384615385,12.5,11.666666666666666,9.833333333333334,10.470588235294118,11.533333333333333,11.76923076923077,12.333333333333334,10.785714285714286,11.142857142857142,10.866666666666667,15.0,13.75,10.133333333333333,12.642857142857142,13.692307692307692,14.23076923076923,12.4,15.333333333333334,13.923076923076923,11.142857142857142,13.666666666666666,10.6875,12.357142857142858,15.181818181818182,15.7,18.444444444444443,12.5,11.833333333333334,8.8125,0.0,9.666666666666666,0.0,0.0,0.0,0.0,0.0,0.0,0.0,0.0,0.0,0.0,0.0,0.0,0.0,0.0,0.0,0.0,0.0,0.0,0.0,0.0
0.0,0.0,0.0,16.083333333333332,16.23076923076923,14.214285714285714,13.066666666666666,12.266666666666667,12.0,0.0,0.0,15.4,14.0,0.0,11.285714285714286,12.357142857142858,9.823529411764707,13.23076923076923,12.0,11.466666666666667,12.916666666666666,13.333333333333334,12.071428571428571,12.571428571428571,12.714285714285714,11.6,14.333333333333334,12.285714285714286,12.0,10.777777777777779,12.1875,13.642857142857142,14.923076923076923,14.916666666666666,14.666666666666666,11.0,9.38888888888889,11.066666666666666,0.0,0.0,0.0,0.0,0.0,0.0,0.0,0.0,0.0,0.0,0.0,0.0,0.0,0.0,0.0,0.0,0.0,0.0,0.0,0.0,0.0,0.0,0.0,0.0,0.0,0.0,0.0,0.0
0.0,0.0,0.0,0.0,16.153846153846153,15.923076923076923,16.0,11.0,14.916666666666666,0.0,0.0,0.0,13.0,11.357142857142858,11.214285714285714,12.461538461538462,10.533333333333333,11.785714285714286,10.6,9.4,10.3125,14.583333333333334,20.77777777777778,13.285714285714286,11.375,13.533333333333333,14.307692307692308,12.285714285714286,11.125,10.411764705882353,12.333333333333334,15.916666666666666,15.916666666666666,13.214285714285714,12.785714285714286,10.875,0.0,10.6,0.0,0.0,0.0,0.0,0.0,0.0,0.0,0.0,0.0,0.0,0.0,0.0,0.0,0.0,0.0,0.0,0.0,0.0,0.0,0.0,0.0,0.0,0.0,0.0,0.0,0.0,0.0,0.0
0.0,0.0,0.0,0.0,0.0,0.0,16.0,0.0,0.0,15.9,0.0,0.0,10.916666666666666,13.363636363636363,0.0,0.0,0.0,10.533333333333333,11.642857142857142,13.636363636363637,13.666666666666666,17.8,16.166666666666668,14.76923076923077,11.647058823529411,13.333333333333334,13.285714285714286,11.466666666666667,11.6,11.75,12.4,13.142857142857142,0.0,0.0,0.0,0.0,0.0,0.0,0.0,0.0,0.0,0.0,0.0,0.0,0.0,0.0,0.0,0.0,0.0,0.0,0.0,0.0,0.0,0.0,0.0,0.0,0.0,0.0,0.0,0.0,0.0,0.0,0.0,0.0,0.0,0.0
0.0,0.0,0.0,0.0,0.0,0.0,0.0,0.0,0.0,12.5,0.0,0.0,11.538461538461538,0.0,13.727272727272727,12.583333333333334,13.636363636363637,13.083333333333334,13.333333333333334,11.692307692307692,13.5,14.384615384615385,17.0,13.0,13.333333333333334,13.133333333333333,15.23076923076923,10.9375,10.8125,11.125,0.0,0.0,0.0,0.0,0.0,0.0,0.0,0.0,0.0,0.0,0.0,0.0,0.0,0.0,0.0,0.0,0.0,0.0,0.0,0.0,0.0,0.0,0.0,0.0,0.0,0.0,0.0,0.0,0.0,0.0,0.0,0.0,0.0,0.0,0.0,0.0
0.0,0.0,0.0,0.0,0.0,0.0,0.0,0.0,0.0,13.461538461538462,0.0,0.0,0.0,0.0,0.0,15.4,12.666666666666666,11.307692307692308,11.071428571428571,0.0,12.153846153846153,12.714285714285714,13.5,12.8,11.5625,10.0,10.0,0.0,10.866666666666667,0.0,0.0,0.0,0.0,0.0,0.0,0.0,0.0,0.0,0.0,0.0,0.0,0.0,0.0,0.0,0.0,0.0,0.0,0.0,0.0,0.0,0.0,0.0,0.0,0.0,0.0,0.0,0.0,0.0,0.0,0.0,0.0,0.0,0.0,0.0,0.0,0.0
