0.0,0.0,0.0,0.0,0.0,0.0,0.0,0.0,0.0,0.0,0.0,0.0,0.0,0.0,0.0,0.0,0.0,0.0,0.0,0.0,0.0,0.0,0.0,0.0,0.0,0.0,0.0,0.0,0.0,0.0,0.0,0.0,0.0,0.0,0.0,0.0,0.0,0.0,0.0,0.0,0.0,0.0,0.0,0.0,0.0,0.0,0.0,0.0,0.0,0.0,0.0,0.0,0.0,0.0,0.0,0.0,0.0,0.0,0.0,0.0,0.0,0.0,0.0,0.0,0.0,0.0
0.0,0.0,0.0,0.0,0.0,0.0,0.0,0.0,0.0,0.0,0.0,0.0,0.0,0.0,0.0,0.0,0.0,0.0,0.0,0.0,0.0,0.0,0.0,0.0,0.0,0.0,0.0,0.0,0.0,0.0,0.0,0.0,0.0,0.0,0.0,0.0,0.0,0.0,0.0,0.0,0.0,0.0,0.0,0.0,0.0,-5.0,-3.375,0.0,0.0,0.0,0.0,0.0,0.0,0.0,0.0,0.0,0.0,0.0,0.0,0.0,0.0,0.0,0.0,0.0,0.0,0.0
0.0,0.0,0.0,0.0,0.0,0.0,0.0,0.0,0.0,0.0,0.0,0.0,0.0,0.0,0.0,0.0,0.0,0.0,0.0,0.0,0.0,0.0,0.0,0.0,0.0,0.0,0.0,0.0,0.0,0.0,0.0,0.0,0.0,0.0,0.0,0.0,0.0,0.0,0.0,0.0,0.0,-5.583333333333334,-5.916666666666667,-6.166666666666667,-3.833333333333333,-7.583333333333333,-5.083333333333333,-8.25,0.0,0.0,0.0,0.0,0.0,0.0,0.0,0.0,0.0,0.0,0.0,0.0,0.0,0.0,0.0,0.0,0.0,0.0
0.0,0.0,0.0,0.0,0.0,0.0,0.0,0.0,0.0,0.0,0.0,0.0,0.0,0.0,0.0,0.0,0.0,0.0,0.0,0.0,0.0,0.0,0.0,0.0,0.0,0.0,0.0,0.0,0.0,0.0,0.0,0.0,0.0,0.0,0.0,0.0,0.0,0.0,0.0,0.0,-3.3333333333333335,-3.8333333333333335,-5.0,-4.75,-7.125,-7.583333333333334,-8.75,-20.833333333333332,-24.333333333333332,0.0,0.0,0.0,0.0,0.0,0.0,0.0,0.0,0.0,0.0,0.0,0.0,0.0,0.0,0.0,0.0,0.0
0.0,0.0,0.0,0.0,0.0,0.0,0.0,0.0,0.0,0.0,0.0,0.0,0.0,0.0,0.0,0.0,0.0,0.0,0.0,0.0,0.0,0.0,0.0,0.0,0.0,0.0,0.0,0.0,0.0,0.0,0.0,0.0,0.0,0.0,0.0,0.0,0.0,0.0,0.0,0.0,-7.8,-7.375,-4.666666666666666,-5.166666666666666,-7.25,-9.375,-25.4,-25.0,-24.166666666666668,-24.375,-22.0,0.0,0.0,0.0,0.0,0.0,0.0,0.0,0.0,0.0,0.0,0.0,0.0,0.0,0.0,0.0
0.0,0.0,0.0,0.0,0.0,0.0,0.0,0.0,0.0,0.0,0.0,0.0,0.0,0.0,0.0,0.0,0.0,0.0,0.0,0.0,0.0,0.0,0.0,0.0,0.0,0.0,0.0,0.0,0.0,0.0,0.0,0.0,0.0,0.0,0.0,0.0,0.0,0.0,0.0,-5.666666666666667,-19.0,-10.5,-4.25,-1.0,-8.5,-9.5,-25.4,-24.75,-24.166666666666668,-24.166666666666668,-22.5,-8.5,0.0,0.0,0.0,0.0,0.0,0.0,0.0,0.0,0.0,0.0,0.0,0.0,0.0,0.0
0.0,0.0,0.0,0.0,0.0,0.0,0.0,0.0,0.0,0.0,0.0,0.0,0.0,0.0,0.0,0.0,0.0,0.0,0.0,0.0,0.0,0.0,0.0,0.0,0.0,0.0,0.0,0.0,0.0,0.0,0.0,0.0,0.0,0.0,0.0,0.0,0.0,0.0,0.0,-6.75,-24.5,-24.5,-9.875,-5.25,-8.416666666666668,-24.666666666666668,-25.75,-24.5,-24.166666666666668,-24.0,-24.333333333333332,-22.75,0.0,0.0,0.0,0.0,0.0,0.0,0.0,0.0,0.0,0.0,0.0,0.0,0.0,0.0
0.0,0.0,0.0,0.0,0.0,0.0,0.0,0.0,0.0,0.0,0.0,0.0,0.0,0.0,0.0,0.0,0.0,0.0,0.0,0.0,0.0,0.0,0.0,0.0,0.0,0.0,0.0,0.0,0.0,0.0,0.0,0.0,0.0,0.0,0.0,0.0,0.0,0.0,0.0,-26.25,-21.75,-23.0,-24.5,-8.5,-25.25,-24.0,-24.25,-25.0,-25.5,-25.5,-23.25,-25.25,0.0,0.0,0.0,0.0,0.0,0.0,0.0,0.0,0.0,0.0,0.0,0.0,0.0,0.0
0.0,0.0,0.0,0.0,0.0,0.0,0.0,0.0,0.0,0.0,0.0,0.0,0.0,0.0,0.0,0.0,0.0,0.0,0.0,0.0,-19.5,-20.5,0.0,0.0,0.0,0.0,0.0,0.0,0.0,0.0,0.0,0.0,0.0,0.0,0.0,0.0,0.0,0.0,-27.5,-5.5,-1.0,-21.5,-25.25,-25.625,-26.25,-24.25,-26.5,-25.5,-24.5,-24.5,-28.0,-29.0,0.0,0.0,0.0,0.0,0.0,0.0,0.0,0.0,0.0,0.0,0.0,0.0,0.0,0.0
0.0,0.0,0.0,0.0,0.0,0.0,0.0,0.0,0.0,0.0,0.0,0.0,0.0,0.0,0.0,0.0,0.0,0.0,0.0,-20.0,-19.5,-20.5,0.0,0.0,0.0,0.0,0.0,0.0,0.0,0.0,0.0,0.0,0.0,0.0,0.0,0.0,0.0,0.0,-2.625,-6.5,-26.125,-5.25,-5.458333333333334,-11.0,-25.833333333333332,-26.5,-27.0,-26.5,-27.0,-29.0,-29.5,0.0,0.0,0.0,0.0,0.0,0.0,0.0,0.0,0.0,0.0,0.0,0.0,0.0,0.0,0.0
0.0,0.0,0.0,0.0,0.0,0.0,0.0,0.0,0.0,0.0,0.0,0.0,0.0,0.0,0.0,0.0,0.0,0.0,-22.0,0.0,-19.5,-19.5,-20.5,0.0,0.0,0.0,0.0,0.0,0.0,0.0,0.0,0.0,0.0,0.0,0.0,0.0,0.0,0.0,-0.33333333333333304,-10.125,-10.0,-8.333333333333332,-25.5,-4.833333333333333,-26.375,-27.0,-26.5,-24.5,-28.0,-29.5,-29.0,0.0,0.0,0.0,0.0,0.0,0.0,0.0,0.0,0.0,0.0,0.0,0.0,0.0,0.0,0.0
0.0,0.0,0.0,0.0,0.0,0.0,0.0,0.0,0.0,0.0,0.0,0.0,0.0,0.0,0.0,0.0,0.0,0.0,-22.0,-19.5,-19.5,-19.5,-17.5,0.0,0.0,0.0,0.0,0.0,0.0,0.0,0.0,0.0,0.0,0.0,0.0,0.0,0.0,0.0,-1.5,-4.833333333333333,-2.833333333333333,-8.333333333333332,-11.4,-3.666666666666667,-4.333333333333333,-11.333333333333334,-26.5,-26.75,-28.0,-28.5,-8.666666666666666,0.0,0.0,0.0,0.0,0.0,0.0,0.0,0.0,0.0,0.0,0.0,0.0,0.0,0.0,0.0
0.0,0.0,0.0,0.0,0.0,0.0,0.0,0.0,0.0,0.0,0.0,0.0,0.0,0.0,0.0,0.0,0.0,0.0,-19.5,-19.5,-19.5,-19.5,-18.0,-17.5,0.0,0.0,0.0,0.0,0.0,0.0,0.0,0.0,0.0,0.0,0.0,0.0,0.0,0.0,-1.6333333333333329,-3.291666666666667,-4.4,-1.0,-1.875,-1.5,-2.125,-5.5,-6.25,-6.583333333333334,-6.833333333333334,-7.5,-7.5,0.0,0.0,0.0,0.0,0.0,0.0,0.0,0.0,0.0,0.0,0.0,0.0,0.0,0.0,0.0
0.0,0.0,0.0,0.0,0.0,0.0,0.0,0.0,0.0,0.0,0.0,0.0,0.0,0.0,0.0,0.0,0.0,0.0,0.0,0.0,-19.5,-19.5,-17.5,-18.0,0.0,0.0,0.0,0.0,0.0,0.0,0.0,0.0,0.0,0.0,0.0,0.0,0.0,0.0,0.10000000000000009,-4.1,-0.33333333333333304,-3.375,0.08333333333333348,-0.3333333333333335,-0.08333333333333304,-1.0833333333333335,-3.55,-2.366666666666667,-2.45,0.0,0.0,0.0,0.0,0.0,0.0,0.0,0.0,0.0,0.0,0.0,0.0,0.0,0.0,0.0,0.0,0.0
0.0,0.0,0.0,0.0,0.0,0.0,0.0,0.0,0.0,0.0,0.0,0.0,0.0,0.0,0.0,0.0,0.0,0.0,0.0,0.0,-19.5,-19.5,-17.5,-18.0,-18.0,0.0,0.0,0.0,0.0,0.0,-6.75,0.0,0.0,0.0,0.0,0.0,-1.0000000000000004,0.0,0.5,-4.0,-3.333333333333333,-0.75,1.0357142857142856,-0.17499999999999982,-0.7083333333333335,-2.333333333333334,-2.416666666666667,-1.625,-1.3333333333333335,-1.5,0.0,0.0,0.0,0.0,0.0,0.0,0.0,0.0,0.0,0.0,0.0,0.0,0.0,0.0,0.0,0.0
0.0,0.0,0.0,0.0,0.0,0.0,0.0,0.0,0.0,0.0,0.0,0.0,0.0,0.0,0.0,0.0,0.0,0.0,0.0,0.0,0.0,-17.0,-17.5,-18.0,-18.0,-8.5,0.0,0.0,0.0,0.0,-4.333333333333333,-3.583333333333333,0.0,0.0,0.0,-1.5,-4.333333333333334,-4.875,-4.333333333333333,-5.05,-14.8,-9.35,0.3125,-0.07500000000000018,-1.0,-3.0,-3.1666666666666665,-1.6666666666666665,-1.3333333333333335,-1.6,0.0,0.0,0.0,0.0,0.0,0.0,0.0,0.0,0.0,0.0,0.0,0.0,0.0,0.0,0.0,0.0
0.0,0.0,0.0,0.0,0.0,0.0,0.0,0.0,0.0,0.0,0.0,0.0,0.0,0.0,0.0,0.0,0.0,0.0,0.0,0.0,0.0,0.0,-16.5,-18.0,-18.0,-8.5,-16.5,-15.0,-7.0,0.16666666666666696,-4.416666666666667,-3.0,-1.0,-0.75,0.0,-0.4166666666666665,-0.625,-6.375,-14.333333333333334,-6.75,-14.0,-6.875,-1.5250000000000004,0.125,-0.8333333333333333,-2.0,-2.3333333333333335,-4.25,-1.375,-1.25,0.0,0.0,0.0,0.0,0.0,0.0,0.0,0.0,0.0,0.0,0.0,0.0,0.0,0.0,0.0,0.0
0.0,0.0,0.0,0.0,0.0,0.0,0.0,0.0,0.0,0.0,0.0,0.0,0.0,0.0,0.0,0.0,0.0,0.0,0.0,0.0,0.0,0.0,0.0,-18.0,-18.0,-8.5,-16.0,-7.0,-13.0,-2.75,0.6666666666666665,-1.5,-1.3333333333333333,-1.3333333333333333,-1.2,-0.4166666666666665,-2.0,-1.125,-15.9,-7.75,-17.3,-16.5,-6.5,-1.0416666666666665,-1.3333333333333335,-1.75,-3.0,-2.166666666666667,-0.5833333333333335,0.0,0.0,0.0,0.0,0.0,0.0,0.0,0.0,0.0,0.0,0.0,0.0,0.0,0.0,0.0,0.0,0.0
0.0,0.0,0.0,0.0,0.0,0.0,0.0,0.0,0.0,0.0,0.0,0.0,0.0,0.0,0.0,0.0,0.0,0.0,0.0,0.0,0.0,0.0,0.0,0.0,0.0,-8.5,-4.5,-6.25,-1.8333333333333333,-1.25,-0.75,-0.25,-1.5,-1.5,-0.5,-0.5,-1.5833333333333335,-2.1666666666666665,-15.166666666666666,-7.083333333333334,-17.0,-16.0,-6.375,-0.2999999999999998,1.0,-0.7916666666666665,-1.0,-0.16666666666666696,1.1666666666666665,0.0,0.0,0.0,0.0,0.0,0.0,0.0,0.0,0.0,0.0,0.0,0.0,0.0,0.0,0.0,0.0,0.0
0.0,0.0,0.0,0.0,0.0,0.0,0.0,0.0,0.0,0.0,0.0,0.0,0.0,0.0,0.0,0.0,0.0,0.0,0.0,0.0,0.0,0.0,0.0,0.0,0.0,0.0,-3.3333333333333335,-2.5,-1.5,-0.5,-0.5,-1.0,-2.0,-1.5,-1.5,-1.0,-2.0,-2.6666666666666665,-15.166666666666666,-15.333333333333334,-16.666666666666668,-16.0,-16.375,0.5714285714285716,-0.75,-2.708333333333333,-2.0000000000000004,-1.5,-0.6666666666666665,-1.0,0.0,0.0,0.0,0.0,0.0,0.0,0.0,0.0,0.0,0.0,0.0,0.0,0.0,0.0,0.0,0.0
0.0,0.0,0.0,0.0,0.0,0.0,0.0,0.0,0.0,0.0,0.0,0.0,0.0,0.0,0.0,0.0,0.0,0.0,0.0,0.0,0.0,0.0,0.0,0.0,0.0,0.0,0.0,-2.25,-1.5,-1.0,-1.0,-1.0,-2.0,-2.0,-2.0,-0.75,-2.0,-3.6666666666666665,-15.5,-17.5,-18.0,-18.125,-2.8333333333333335,-2.0000000000000004,-6.375,-5.916666666666666,-15.333333333333334,-16.0,-6.083333333333334,-2.333333333333333,0.0,0.0,0.0,0.0,0.0,0.0,0.0,0.0,0.0,0.0,0.0,0.0,0.0,0.0,0.0,0.0
0.0,0.0,0.0,0.0,0.0,0.0,0.0,0.0,0.0,0.0,0.0,0.0,0.0,0.0,0.0,0.0,0.0,0.0,0.0,0.0,0.0,0.0,0.0,0.0,0.0,0.0,0.0,-3.5,-2.0,-1.0,-1.0,-2.0,-2.0,-2.0,-2.0,-1.0,-2.25,-4.25,-14.666666666666666,-17.166666666666668,-18.166666666666668,-19.0,-5.833333333333334,-16.5,-15.666666666666666,-15.666666666666666,-15.666666666666666,-15.166666666666666,-15.333333333333334,-15.0,0.0,0.0,0.0,0.0,0.0,0.0,0.0,0.0,0.0,0.0,0.0,0.0,0.0,0.0,0.0,0.0
0.0,0.0,0.0,0.0,0.0,0.0,0.0,0.0,0.0,0.0,0.0,0.0,0.0,0.0,0.0,0.0,0.0,0.0,0.0,0.0,0.0,0.0,0.0,0.0,0.0,0.0,0.0,0.0,-2.5,-2.5,-2.0,-2.0,-2.0,-2.0,-2.5,-1.75,-2.25,-4.25,-15.0,-18.75,-18.333333333333332,-9.75,-15.333333333333334,-16.666666666666668,-15.666666666666666,-16.5,-15.0,-14.5,-15.0,-12.5,-3.25,-2.5,0.0,0.0,0.0,0.0,0.0,0.0,0.0,0.0,0.0,0.0,0.0,0.0,0.0,0.0
0.0,0.0,0.0,0.0,0.0,0.0,0.0,0.0,0.0,0.0,0.0,0.0,0.0,0.0,0.0,0.0,0.0,0.0,0.0,0.0,0.0,0.0,0.0,0.0,0.0,0.0,0.0,0.0,0.0,-2.5,-2.0,-2.5,-2.5,-2.5,-1.25,-1.75,-2.5,-3.5,-13.75,-18.75,-19.0,-19.0,-19.0,-17.833333333333332,-16.666666666666668,-14.5,-14.0,-13.5,-13.0,-12.5,-12.5,-8.5,-15.0,0.0,0.0,0.0,0.0,0.0,0.0,0.0,0.0,0.0,0.0,0.0,0.0,0.0
0.0,0.0,0.0,0.0,0.0,0.0,0.0,0.0,0.0,0.0,0.0,0.0,0.0,0.0,0.0,0.0,0.0,0.0,0.0,0.0,0.0,0.0,0.0,0.0,0.0,0.0,0.0,0.0,0.0,-3.0,-3.5,-1.0,-1.0,-1.5,-2.0,-2.0,-2.5,-4.75,-12.25,-14.0,-9.25,-20.0,-11.5,-20.0,-18.5,-17.0,-17.0,-15.5,-15.5,-14.75,-18.0,-8.5,-14.5,-14.0,0.0,0.0,0.0,0.0,0.0,0.0,0.0,0.0,0.0,0.0,0.0,0.0
0.0,0.0,0.0,0.0,0.0,0.0,0.0,0.0,0.0,0.0,0.0,0.0,0.0,0.0,0.0,0.0,0.0,0.0,0.0,0.0,0.0,0.0,0.0,0.0,0.0,0.0,0.0,0.0,-5.5,-5.5,-4.5,-2.0,-2.0,-2.25,-2.5,-2.75,-4.25,-11.5,-12.5,-17.0,-22.5,-21.0,-21.5,-21.5,-22.0,-15.0,-14.0,-14.0,-16.25,-15.75,-13.0,-2.5,-14.0,-14.0,0.0,0.0,0.0,0.0,0.0,0.0,0.0,0.0,0.0,0.0,0.0,0.0
0.0,0.0,0.0,0.0,0.0,0.0,0.0,0.0,0.0,0.0,0.0,0.0,0.0,0.0,0.0,0.0,0.0,0.0,0.0,0.0,0.0,0.0,0.0,0.0,0.0,0.0,0.0,0.0,-8.5,-8.0,-3.75,-3.75,-3.75,-4.25,-4.75,-5.0,-4.0,-11.0,-14.0,-20.5,-20.5,-21.0,-21.5,-22.5,-18.5,-16.5,-14.0,-14.5,-15.0,-16.25,-13.0,-12.0,-6.0,-14.0,-14.0,0.0,0.0,0.0,0.0,0.0,0.0,0.0,0.0,0.0,0.0,0.0
0.0,0.0,0.0,0.0,0.0,0.0,0.0,0.0,0.0,0.0,0.0,0.0,0.0,0.0,0.0,0.0,0.0,0.0,0.0,0.0,0.0,0.0,0.0,0.0,0.0,0.0,0.0,0.0,-11.0,-6.25,-5.0,-5.0,-4.25,-5.0,-5.25,-5.0,-4.5,-3.166666666666667,-13.0,-21.5,-21.5,-22.0,-22.5,-22.5,-22.5,-19.5,-18.5,-15.5,-16.0,-15.5,-6.75,-12.5,-2.25,-5.5,-5.0,-15.5,0.0,0.0,0.0,0.0,0.0,0.0,0.0,0.0,0.0,0.0
0.0,0.0,0.0,0.0,0.0,0.0,0.0,0.0,0.0,0.0,0.0,0.0,0.0,0.0,0.0,0.0,0.0,0.0,0.0,0.0,0.0,0.0,0.0,0.0,0.0,0.0,0.0,0.0,-13.0,-8.75,-7.0,-14.5,-13.0,-12.0,-12.5,-6.0,-3.5,-5.75,-5.75,-21.5,-22.0,-22.0,-22.5,-22.5,-22.5,-22.0,-20.5,-20.5,-18.0,-19.0,-17.0,-13.0,-12.0,-9.0,-5.5,-11.25,0.0,0.0,0.0,0.0,0.0,0.0,0.0,0.0,0.0,0.0
0.0,0.0,0.0,0.0,0.0,0.0,0.0,0.0,0.0,0.0,0.0,0.0,0.0,0.0,0.0,0.0,0.0,0.0,0.0,0.0,0.0,0.0,0.0,0.0,0.0,0.0,0.0,0.0,-15.5,-8.75,-18.0,-16.0,-17.0,-15.5,-14.0,-13.5,-6.75,-5.75,-22.0,-22.0,-22.0,-22.5,-22.5,-22.5,-22.5,-22.0,-21.5,-21.5,-19.0,-16.0,-17.333333333333332,-13.0,-12.5,-3.25,-11.5,0.0,0.0,0.0,0.0,0.0,0.0,0.0,0.0,0.0,0.0,0.0
0.0,0.0,0.0,0.0,0.0,0.0,0.0,0.0,0.0,0.0,0.0,0.0,0.0,0.0,0.0,0.0,0.0,0.0,0.0,0.0,0.0,0.0,0.0,0.0,0.0,0.0,0.0,0.0,0.0,-18.0,-18.5,-19.5,-17.5,-15.5,-14.0,-7.25,-15.5,-15.5,-22.0,-22.0,-22.5,-22.5,-22.5,-22.5,-22.5,-22.5,-22.0,-19.0,-18.25,-18.75,-18.5,-18.5,-17.333333333333332,-14.5,-12.5,0.0,0.0,0.0,0.0,0.0,0.0,0.0,0.0,0.0,0.0,0.0
0.0,0.0,0.0,0.0,0.0,0.0,0.0,0.0,0.0,0.0,0.0,0.0,0.0,0.0,0.0,0.0,0.0,0.0,0.0,0.0,0.0,0.0,0.0,0.0,0.0,0.0,0.0,0.0,0.0,-17.5,-17.0,-19.0,-17.0,-15.5,-14.0,-15.5,-16.0,-17.5,-22.5,-22.0,-22.0,-22.5,-22.5,-22.5,-21.0,-20.5,-19.75,-19.25,-18.0,-18.5,-19.333333333333332,-19.0,-18.333333333333332,-18.0,0.0,0.0,0.0,0.0,0.0,0.0,0.0,0.0,0.0,0.0,0.0,0.0
0.0,0.0,0.0,0.0,0.0,0.0,0.0,0.0,0.0,0.0,0.0,0.0,0.0,0.0,0.0,0.0,0.0,0.0,0.0,0.0,0.0,0.0,0.0,0.0,0.0,0.0,0.0,0.0,-16.0,-17.5,-18.5,-18.5,-20.0,-18.0,-15.5,-17.5,-17.5,-22.0,-22.0,-22.0,-22.5,-22.5,-22.5,-22.0,-20.25,-19.25,-18.75,-18.25,-17.5,-19.0,-19.75,-18.75,-20.0,-19.0,0.0,0.0,0.0,0.0,0.0,0.0,0.0,0.0,0.0,0.0,0.0,0.0
0.0,0.0,0.0,0.0,0.0,0.0,0.0,0.0,0.0,0.0,0.0,0.0,0.0,0.0,0.0,0.0,0.0,0.0,0.0,0.0,0.0,0.0,0.0,0.0,0.0,0.0,0.0,0.0,-17.0,-17.5,-17.5,-17.5,-18.5,-20.0,-21.5,-21.5,-21.0,-21.5,-21.0,-21.0,-22.0,-22.0,-21.0,-20.5,-20.5,-19.0,-18.75,-19.0,-18.666666666666668,-18.666666666666668,-19.166666666666668,-19.5,-20.0,0.0,0.0,0.0,0.0,0.0,0.0,0.0,0.0,0.0,0.0,0.0,0.0,0.0
0.0,0.0,0.0,0.0,0.0,0.0,0.0,0.0,0.0,0.0,0.0,0.0,0.0,0.0,0.0,0.0,0.0,0.0,0.0,0.0,0.0,0.0,0.0,0.0,0.0,0.0,0.0,0.0,0.0,-17.0,-17.0,-17.5,-17.5,-18.0,-19.5,-20.0,-19.5,-20.0,-20.5,-20.5,-21.0,-20.0,-20.0,-20.0,-20.0,-20.0,-20.0,-19.166666666666668,-18.5,-18.666666666666668,-16.666666666666668,-18.0,-20.0,0.0,0.0,0.0,0.0,0.0,0.0,0.0,0.0,0.0,0.0,0.0,0.0,0.0
0.0,0.0,0.0,0.0,0.0,0.0,0.0,0.0,0.0,0.0,0.0,0.0,0.0,0.0,0.0,0.0,0.0,0.0,0.0,0.0,0.0,0.0,0.0,0.0,0.0,0.0,0.0,0.0,0.0,-17.0,-16.5,-17.0,-17.5,-18.5,-19.5,-19.0,-19.5,-19.0,-18.5,-20.0,-20.5,-20.0,-19.0,-20.0,-20.0,-20.0,-20.25,-19.75,-19.875,-15.25,-15.125,-14.75,0.0,0.0,0.0,0.0,0.0,0.0,0.0,0.0,0.0,0.0,0.0,0.0,0.0,0.0
0.0,0.0,0.0,0.0,0.0,0.0,0.0,0.0,0.0,0.0,0.0,0.0,0.0,0.0,0.0,0.0,0.0,0.0,0.0,0.0,0.0,0.0,0.0,0.0,0.0,0.0,0.0,0.0,0.0,0.0,-16.5,-15.5,-18.0,-19.0,-19.0,-20.5,-19.5,-19.5,-19.0,-18.5,-18.5,-17.0,-18.5,-19.0,-20.5,-20.5,-20.25,-7.75,-5.5,-4.416666666666666,-1.9166666666666665,3.1666666666666665,0.0,0.0,0.0,0.0,0.0,0.0,0.0,0.0,0.0,0.0,0.0,0.0,0.0,0.0
0.0,0.0,0.0,0.0,0.0,0.0,0.0,0.0,0.0,0.0,0.0,0.0,0.0,0.0,0.0,0.0,0.0,0.0,0.0,0.0,0.0,0.0,0.0,0.0,0.0,0.0,0.0,0.0,0.0,-34.5,-18.0,-16.5,-18.0,-19.0,-30.5,-31.0,-20.0,-19.0,-19.0,-19.0,-10.0,-9.75,-8.25,-9.25,-20.5,-20.25,-19.25,-5.75,-5.5,1.0,3.5,0.25,-1.6666666666666665,0.0,0.0,0.0,0.0,0.0,0.0,0.0,0.0,0.0,0.0,0.0,0.0,0.0
0.0,0.0,0.0,0.0,0.0,0.0,0.0,0.0,0.0,0.0,0.0,0.0,0.0,0.0,0.0,0.0,0.0,0.0,0.0,0.0,0.0,0.0,0.0,0.0,0.0,0.0,0.0,0.0,0.0,-34.5,-30.0,-18.0,-34.5,-35.0,-35.5,-36.0,-36.0,-10.0,-10.5,-10.5,-10.5,-10.0,-8.5,-9.25,-10.25,-10.25,-13.0,-6.0,0.5,0.75,2.5,1.5,-1.0,0.0,0.0,0.0,0.0,0.0,0.0,0.0,0.0,0.0,0.0,0.0,0.0,0.0
0.0,0.0,0.0,0.0,0.0,0.0,0.0,0.0,0.0,0.0,0.0,0.0,0.0,0.0,0.0,0.0,0.0,0.0,0.0,0.0,0.0,0.0,0.0,0.0,0.0,0.0,0.0,0.0,0.0,-29.166666666666668,-30.0,-18.0,-18.0,-34.5,-34.0,-31.5,-19.25,-11.0,-10.5,-9.5,-8.75,-9.5,-8.5,-8.5,-8.25,-4.0,-10.5,-5.5,-4.0,-2.0,1.0,-0.5,-0.5,-0.5,0.0,0.0,0.0,0.0,0.0,0.0,0.0,0.0,0.0,0.0,0.0,0.0
0.0,0.0,0.0,0.0,0.0,0.0,0.0,0.0,0.0,0.0,0.0,0.0,0.0,0.0,0.0,0.0,0.0,0.0,0.0,0.0,0.0,0.0,0.0,0.0,0.0,0.0,0.0,0.0,-34.75,-34.75,-35.0,-34.5,-34.5,-34.5,-34.0,-19.0,-19.5,-11.0,-11.0,-9.5,-7.25,-7.25,-8.25,-4.75,-3.5,-10.5,-10.5,-6.0,-6.5,0.75,1.0,0.75,0.5,0.5,0.0,0.0,0.0,0.0,0.0,0.0,0.0,0.0,0.0,0.0,0.0,0.0
0.0,0.0,0.0,0.0,0.0,0.0,0.0,0.0,0.0,0.0,0.0,0.0,0.0,0.0,0.0,0.0,0.0,0.0,0.0,0.0,0.0,0.0,0.0,0.0,0.0,0.0,0.0,0.0,-34.75,-34.5,-34.5,-34.5,-34.5,-34.5,-34.5,-19.0,-19.5,-9.5,-9.5,-8.75,-6.75,-7.0,-6.5,-6.5,-14.5,-11.0,-11.0,-11.5,-7.5,-5.0,-5.5,1.25,0.5,0.0,-0.5,0.0,0.0,0.0,0.0,0.0,0.0,0.0,0.0,0.0,0.0,0.0
0.0,0.0,0.0,0.0,0.0,0.0,0.0,0.0,0.0,0.0,0.0,0.0,0.0,0.0,0.0,0.0,0.0,0.0,0.0,0.0,0.0,0.0,0.0,0.0,0.0,0.0,0.0,0.0,-34.75,-34.75,-31.5,-34.5,-34.75,-34.5,-34.5,-18.0,-18.75,-9.75,-9.0,-7.75,-7.5,-6.583333333333334,-13.0,-16.0,-15.25,-3.75,-11.5,-12.0,-12.0,-10.5,-2.5,-0.25,-0.5,-0.5,-0.5,0.0,0.0,0.0,0.0,0.0,0.0,0.0,0.0,0.0,0.0,0.0
0.0,0.0,0.0,0.0,0.0,0.0,0.0,0.0,0.0,0.0,0.0,0.0,0.0,0.0,0.0,0.0,0.0,0.0,0.0,0.0,0.0,0.0,0.0,0.0,0.0,0.0,0.0,0.0,-34.75,-34.75,-34.75,-34.5,-34.5,-34.5,-35.0,-18.0,-18.0,-18.25,-17.75,-8.75,-7.5,-7.75,-4.5,-7.083333333333334,-4.0,-4.0,-4.25,-7.25,-7.5,-7.25,-7.25,-0.625,-1.5,0.33333333333333326,-0.5,-1.5,0.0,0.0,0.0,0.0,0.0,0.0,0.0,0.0,0.0,0.0
0.0,0.0,0.0,0.0,0.0,0.0,0.0,0.0,0.0,0.0,0.0,0.0,0.0,0.0,0.0,0.0,0.0,0.0,0.0,0.0,0.0,0.0,0.0,0.0,0.0,0.0,0.0,0.0,0.0,-34.5,-28.25,-28.5,-28.0,-35.0,-25.0,-18.0,-18.0,-18.25,-18.0,-17.75,-8.833333333333334,-7.75,-7.75,-7.5,-7.25,-7.25,-7.5,-7.75,-8.0,-7.75,-8.5,-8.75,-8.0,-2.3333333333333335,-3.5,-2.75,0.0,0.0,0.0,0.0,0.0,0.0,0.0,0.0,0.0,0.0
0.0,0.0,0.0,0.0,0.0,0.0,0.0,0.0,0.0,0.0,0.0,0.0,0.0,0.0,0.0,0.0,0.0,0.0,0.0,0.0,0.0,0.0,0.0,0.0,0.0,0.0,0.0,0.0,0.0,-28.5,-28.0,-27.5,-25.0,-25.0,-18.0,-18.0,-18.0,-18.25,-18.5,-18.0,-18.5,-9.0,-7.5,-7.75,-7.75,-7.5,-7.75,-8.25,-8.25,-8.25,-5.5,-8.75,-9.5,-19.5,-7.75,-7.75,-8.0,0.0,0.0,0.0,0.0,0.0,0.0,0.0,0.0,0.0
0.0,0.0,0.0,0.0,0.0,0.0,0.0,0.0,0.0,0.0,0.0,0.0,0.0,0.0,0.0,0.0,0.0,0.0,0.0,0.0,0.0,0.0,0.0,0.0,0.0,0.0,0.0,0.0,0.0,0.0,-26.5,-25.5,-25.166666666666668,-17.666666666666668,-9.0,-18.166666666666668,-18.0,-17.0,-18.5,-18.0,-9.75,-9.5,-9.75,-8.25,-8.5,-8.25,-8.0,-9.0,-7.75,-8.5,-4.666666666666667,-11.0,-7.5,-17.5,-18.0,-18.0,-8.0,0.0,0.0,0.0,0.0,0.0,0.0,0.0,0.0,0.0
0.0,0.0,0.0,0.0,0.0,0.0,0.0,0.0,0.0,0.0,0.0,0.0,0.0,0.0,0.0,0.0,0.0,0.0,0.0,0.0,0.0,0.0,0.0,0.0,0.0,0.0,0.0,0.0,0.0,0.0,-25.5,-24.75,-18.0,-17.5,-17.875,-18.166666666666668,-18.5,-18.5,-18.25,-9.0,-9.5,-9.5,-10.0,-9.5,-8.25,-8.0,-8.5,-8.75,-8.5,-8.0,-7.25,-9.25,-9.75,-5.75,-18.0,-18.0,-18.5,0.0,0.0,0.0,0.0,0.0,0.0,0.0,0.0,0.0
0.0,0.0,0.0,0.0,0.0,0.0,0.0,0.0,0.0,0.0,0.0,0.0,0.0,0.0,0.0,0.0,0.0,0.0,0.0,0.0,0.0,0.0,0.0,0.0,0.0,0.0,0.0,0.0,0.0,0.0,-27.0,-24.0,-18.0,-18.0,-17.75,-18.5,-19.0,-17.75,-17.75,-8.5,-9.0,-10.0,-10.0,-9.5,-9.083333333333334,-8.0,-8.0,-8.0,-8.75,-14.5,-14.5,-7.25,-7.75,-6.0,-18.75,-18.75,-17.25,-17.0,0.0,0.0,0.0,0.0,0.0,0.0,0.0,0.0
0.0,0.0,0.0,0.0,0.0,0.0,0.0,0.0,0.0,0.0,0.0,0.0,0.0,0.0,0.0,0.0,0.0,0.0,0.0,0.0,0.0,0.0,0.0,0.0,0.0,0.0,0.0,0.0,0.0,0.0,-43.0,0.0,-60.5,-17.5,-18.25,-18.5,-18.5,-16.75,-7.75,-6.75,-8.25,-8.75,-8.75,-8.75,-8.75,-8.0,-7.75,-4.666666666666667,-15.5,-16.0,-16.25,-16.5,-7.25,-9.0,-16.75,-18.0,-17.5,-17.5,0.0,0.0,0.0,0.0,0.0,0.0,0.0,0.0
0.0,0.0,0.0,0.0,0.0,0.0,0.0,0.0,0.0,0.0,0.0,0.0,0.0,0.0,0.0,0.0,0.0,0.0,0.0,0.0,0.0,0.0,0.0,0.0,0.0,0.0,0.0,0.0,0.0,0.0,0.0,0.0,0.0,0.0,-19.5,-19.0,-18.25,-17.333333333333332,-6.583333333333334,-7.0,-8.0,-8.5,-8.75,-8.5,-8.25,-8.5,-7.5,-4.25,-15.5,-16.25,-16.25,-17.0,-9.0,-5.583333333333333,-8.5,-4.916666666666667,0.0,0.0,0.0,0.0,0.0,0.0,0.0,0.0,0.0,0.0
0.0,0.0,0.0,0.0,0.0,0.0,0.0,0.0,0.0,0.0,0.0,0.0,0.0,0.0,0.0,0.0,0.0,0.0,0.0,0.0,0.0,0.0,0.0,0.0,0.0,0.0,0.0,0.0,0.0,0.0,0.0,0.0,0.0,0.0,0.0,-19.5,-18.5,-7.25,-15.0,-7.0,-8.0,-8.5,-8.5,-8.5,-8.25,-8.25,-7.75,-8.5,-16.5,-16.5,-9.0,-9.25,-9.0,-6.083333333333333,-10.0,-9.75,0.0,0.0,0.0,0.0,0.0,0.0,0.0,0.0,0.0,0.0
0.0,0.0,0.0,0.0,0.0,0.0,0.0,0.0,0.0,0.0,0.0,0.0,0.0,0.0,0.0,0.0,0.0,0.0,0.0,0.0,0.0,0.0,0.0,0.0,0.0,0.0,0.0,0.0,0.0,0.0,0.0,0.0,0.0,0.0,0.0,-19.5,-18.25,-15.5,-15.166666666666666,-7.5,-8.25,-8.5,-8.5,-5.5,-5.666666666666667,-5.5,-4.916666666666667,-8.75,-9.0,-9.0,-9.5,-9.75,-10.5,-10.25,-7.333333333333333,-10.25,0.0,0.0,0.0,0.0,0.0,0.0,0.0,0.0,0.0,0.0
0.0,0.0,0.0,0.0,0.0,0.0,0.0,0.0,0.0,0.0,0.0,0.0,0.0,0.0,0.0,0.0,0.0,0.0,0.0,0.0,0.0,0.0,0.0,0.0,0.0,0.0,0.0,0.0,0.0,0.0,0.0,0.0,0.0,0.0,0.0,-19.5,-17.5,-15.25,-6.75,-8.0,-8.75,-8.5,-8.75,-6.0,-6.333333333333333,-6.0,-6.166666666666667,-9.5,-8.75,-9.0,-9.75,-10.5,-10.25,-10.5,-10.0,-19.0,0.0,0.0,0.0,0.0,0.0,0.0,0.0,0.0,0.0,0.0
0.0,0.0,0.0,0.0,0.0,0.0,0.0,0.0,0.0,0.0,0.0,0.0,0.0,0.0,0.0,0.0,0.0,0.0,0.0,0.0,0.0,0.0,0.0,0.0,0.0,0.0,0.0,0.0,0.0,0.0,0.0,0.0,0.0,0.0,0.0,-19.0,-18.0,-15.5,-7.75,-8.5,-9.25,-9.0,-8.75,-8.75,-9.5,-7.0,-6.666666666666667,-6.5,-6.0,-9.25,-10.25,-10.5,-10.75,-10.25,-10.0,-19.0,0.0,0.0,0.0,0.0,0.0,0.0,0.0,0.0,0.0,0.0
0.0,0.0,0.0,0.0,0.0,0.0,0.0,0.0,0.0,0.0,0.0,0.0,0.0,0.0,0.0,0.0,0.0,0.0,0.0,0.0,0.0,0.0,0.0,0.0,0.0,0.0,0.0,0.0,0.0,0.0,0.0,0.0,0.0,0.0,0.0,-19.0,-18.0,-17.5,-8.5,-9.75,-9.75,-9.5,-9.25,-8.75,-9.25,-6.666666666666667,-6.5,-6.5,-7.0,-10.25,-10.25,-10.5,-10.5,-10.5,-9.75,-19.0,-19.0,0.0,0.0,0.0,0.0,0.0,0.0,0.0,0.0,0.0
0.0,0.0,0.0,0.0,0.0,0.0,0.0,0.0,0.0,0.0,0.0,0.0,0.0,0.0,0.0,0.0,0.0,0.0,0.0,0.0,0.0,0.0,0.0,0.0,0.0,0.0,0.0,0.0,0.0,0.0,0.0,0.0,-10.5,-10.5,0.0,-19.0,-19.0,-18.5,-8.75,-10.75,-11.0,-6.333333333333333,-9.5,-8.75,-5.166666666666667,-2.75,-10.25,-10.5,-7.0,-7.0,-10.25,-10.0,-10.25,-10.25,-6.666666666666667,-19.0,0.0,0.0,0.0,0.0,0.0,0.0,0.0,0.0,0.0,0.0
0.0,0.0,0.0,0.0,0.0,0.0,0.0,0.0,0.0,0.0,0.0,0.0,0.0,0.0,0.0,0.0,0.0,0.0,0.0,0.0,0.0,0.0,0.0,0.0,0.0,0.0,0.0,0.0,0.0,0.0,0.0,0.0,-5.75,0.0,0.0,0.0,-17.0,-16.0,-8.25,-9.25,-10.0,-9.5,-9.0,-7.25,-3.333333333333333,-3.75,-10.0,-10.0,-7.0,-7.0,-6.833333333333333,-10.0,-9.75,-9.75,-19.5,-9.75,0.0,0.0,0.0,0.0,0.0,0.0,0.0,0.0,0.0,0.0
0.0,0.0,0.0,0.0,0.0,0.0,0.0,0.0,0.0,0.0,0.0,0.0,0.0,0.0,0.0,0.0,0.0,0.0,0.0,0.0,0.0,0.0,0.0,0.0,0.0,0.0,0.0,0.0,0.0,0.0,0.0,0.0,-10.5,-10.5,-19.0,-16.5,-15.5,-15.5,-8.25,-9.0,-9.25,-9.5,-8.5,-7.5,-8.5,-7.5,-10.0,-5.75,-9.166666666666666,-8.666666666666666,-6.833333333333333,-10.0,-9.0,-19.0,-19.0,-19.5,0.0,0.0,0.0,0.0,0.0,0.0,0.0,0.0,0.0,0.0
0.0,0.0,0.0,0.0,0.0,0.0,0.0,0.0,0.0,0.0,0.0,0.0,0.0,0.0,0.0,0.0,0.0,0.0,0.0,0.0,0.0,0.0,0.0,0.0,0.0,0.0,0.0,0.0,0.0,0.0,0.0,0.0,-10.5,-10.5,-19.0,-16.0,-7.5,-14.5,-7.75,-9.0,-9.0,-9.75,-9.5,-8.75,-9.75,-10.0,-6.833333333333333,-9.166666666666666,-9.166666666666666,-9.666666666666666,-6.833333333333333,-10.5,-10.75,-10.0,-10.0,-19.0,-19.5,-19.5,0.0,0.0,0.0,0.0,0.0,0.0,0.0,0.0
0.0,0.0,0.0,0.0,0.0,0.0,0.0,0.0,0.0,0.0,0.0,0.0,0.0,0.0,0.0,0.0,0.0,0.0,0.0,0.0,0.0,0.0,0.0,0.0,0.0,0.0,0.0,0.0,0.0,0.0,0.0,-10.75,-10.75,-19.0,-18.0,-16.0,-14.5,-7.75,-7.75,-10.0,-11.5,-12.0,-12.75,-10.25,-10.5,-10.5,-6.833333333333333,-8.833333333333334,-8.833333333333334,-5.375,-10.75,-10.75,-10.75,-10.0,-4.25,-4.125,-7.5,-5.833333333333333,0.0,0.0,0.0,0.0,0.0,0.0,0.0,0.0
0.0,0.0,0.0,0.0,0.0,0.0,0.0,0.0,0.0,0.0,0.0,0.0,0.0,0.0,0.0,0.0,0.0,0.0,0.0,0.0,0.0,0.0,0.0,0.0,0.0,0.0,0.0,0.0,0.0,0.0,-19.0,-19.5,-19.5,-9.25,-18.0,-15.0,-7.75,-7.75,-9.25,-12.0,-12.0,-12.0,-11.25,-10.25,-10.75,-10.5,-10.0,-7.5,-8.0,-10.0,-10.5,-10.75,-4.833333333333333,-4.5,-5.166666666666667,-5.333333333333333,-7.5,-7.75,0.0,0.0,0.0,0.0,0.0,0.0,0.0,0.0
0.0,0.0,0.0,0.0,0.0,0.0,0.0,0.0,0.0,0.0,0.0,0.0,0.0,0.0,0.0,0.0,0.0,0.0,0.0,0.0,0.0,0.0,0.0,0.0,0.0,0.0,0.0,0.0,0.0,0.0,-9.25,-9.25,-18.0,-18.0,-18.0,-16.0,-8.5,-9.0,-11.25,-12.75,-13.25,-12.25,-8.333333333333334,-6.666666666666667,-10.25,-10.5,-8.75,-8.75,-6.75,-8.75,-4.0,-5.666666666666667,1.666666666666667,-6.0,-6.0,-5.5,-10.0,-10.0,0.0,0.0,0.0,0.0,0.0,0.0,0.0,0.0
0.0,0.0,0.0,0.0,0.0,0.0,0.0,0.0,0.0,0.0,0.0,0.0,0.0,0.0,0.0,0.0,0.0,0.0,0.0,0.0,0.0,0.0,0.0,0.0,0.0,0.0,0.0,0.0,0.0,-17.0,-9.25,-18.0,-18.0,-18.0,-18.0,-9.5,-9.75,-9.75,-11.25,-11.25,-11.25,-10.75,-10.0,-3.333333333333333,-9.0,-7.75,-9.0,-4.833333333333333,-2.5,2.666666666666667,2.0,1.333333333333333,-1.5,-6.5,-6.0,-5.5,-10.0,-5.75,0.0,0.0,0.0,0.0,0.0,0.0,0.0,0.0
0.0,0.0,0.0,0.0,0.0,0.0,0.0,0.0,0.0,0.0,0.0,0.0,0.0,0.0,0.0,0.0,0.0,0.0,0.0,0.0,0.0,0.0,0.0,0.0,0.0,0.0,0.0,0.0,-15.0,-17.0,-18.0,-18.0,-18.0,-18.0,-9.5,-9.5,-10.0,-10.0,-10.0,-6.5,-8.75,-9.25,-8.0,-8.0,-7.5,-6.666666666666667,-5.5,-2.0,-0.5,2.0,2.166666666666667,1.666666666666667,-1.5,-6.0,-6.0,-5.5,-10.0,-13.0,-4.125,0.0,0.0,0.0,0.0,0.0,0.0,0.0
0.0,0.0,0.0,0.0,0.0,0.0,0.0,0.0,0.0,0.0,0.0,0.0,0.0,0.0,0.0,0.0,0.0,0.0,0.0,0.0,0.0,0.0,0.0,0.0,0.0,0.0,0.0,-17.0,-15.0,-17.0,-9.25,-18.0,-18.0,-18.0,-9.5,-9.75,-10.0,-10.25,-10.0,-9.75,-8.75,-9.0,-8.0,-7.25,-8.0,-8.0,-4.5,-2.666666666666667,-1.75,1.75,2.0,2.166666666666667,-0.666666666666667,-5.75,-5.75,-5.166666666666667,-10.0,-5.75,-13.5,-13.0,0.0,0.0,0.0,0.0,0.0,0.0
0.0,0.0,0.0,0.0,0.0,0.0,0.0,0.0,0.0,0.0,0.0,0.0,0.0,0.0,0.0,0.0,0.0,0.0,0.0,0.0,0.0,0.0,0.0,0.0,0.0,0.0,0.0,-17.0,-17.0,-9.0,-19.0,-18.0,-18.0,-9.0,-8.75,-8.5,-9.75,-10.0,-10.0,-9.75,-9.0,-8.75,-7.5,-7.666666666666667,-7.5,-4.5,-5.666666666666667,-1.5,2.75,1.5,1.5,2.166666666666667,1.5,-5.5,-5.333333333333333,-5.166666666666667,-7.5,-7.5,-5.333333333333333,-5.0,-5.166666666666667,0.0,0.0,0.0,0.0,0.0
0.0,0.0,0.0,0.0,0.0,0.0,0.0,0.0,0.0,0.0,0.0,0.0,0.0,0.0,0.0,0.0,0.0,0.0,0.0,0.0,0.0,0.0,0.0,0.0,0.0,-8.333333333333334,-5.375,-19.0,-19.0,-10.0,-10.0,-19.0,-9.5,-9.5,-9.25,-8.0,-8.75,-9.75,-9.75,-9.75,-9.0,-8.5,-5.0,-3.333333333333333,-5.5,-4.083333333333333,-3.916666666666667,-1.75,3.8333333333333335,3.6666666666666665,3.6666666666666665,3.5,2.0,-4.75,-19.5,-19.5,-5.5,-7.5,-7.75,-7.75,-7.75,0.0,0.0,0.0,0.0,0.0
0.0,0.0,0.0,0.0,0.0,0.0,0.0,0.0,0.0,0.0,0.0,0.0,0.0,0.0,0.0,0.0,0.0,0.0,0.0,0.0,0.0,0.0,0.0,0.0,-4.7,-6.75,-6.375,-19.0,-19.0,-10.0,-10.0,-9.75,-18.5,-9.75,-9.25,-9.25,-8.75,-9.0,-9.75,-9.75,-9.75,-6.0,-1.0,-7.0,-6.666666666666667,-3.3,-3.25,-2.75,-1.0,-1.166666666666667,3.5,3.5,0.833333333333333,-3.25,-19.0,-19.0,-19.0,-19.0,-19.0,-9.0,0.0,0.0,0.0,0.0,0.0,0.0
0.0,0.0,0.0,0.0,0.0,0.0,0.0,0.0,0.0,0.0,0.0,0.0,0.0,0.0,0.0,0.0,0.0,0.0,0.0,0.0,0.0,0.0,-15.75,-11.0,-9.25,-8.75,-10.0,-19.0,-19.0,-10.0,-10.0,-10.0,-19.0,-19.0,-19.5,-9.75,-8.75,-17.0,-6.833333333333333,-3.75,-6.0,-8.0,-6.0,-6.625,-4.3,-4.375,-15.0,-3.75,-4.75,-1.166666666666667,2.333333333333333,1.333333333333333,0.16666666666666696,-9.75,-9.75,-9.75,-19.0,-18.5,-19.0,0.0,0.0,0.0,0.0,0.0,0.0,0.0
0.0,0.0,0.0,0.0,0.0,0.0,0.0,0.0,0.0,0.0,0.0,0.0,0.0,0.0,0.0,0.0,0.0,0.0,0.0,0.0,0.0,-15.75,-15.75,-11.0,-9.0,-9.0,-10.0,-19.0,-19.0,-10.0,-10.25,-19.0,-19.5,-8.0,-17.5,-7.75,-10.0,-9.5,2.25,-2.4000000000000004,-4.7,-7.833333333333333,-5.875,-4.4,-8.333333333333334,-9.75,-16.25,-6.25,-14.5,-15.5,-18.0,-18.0,-18.0,-19.0,-9.75,-9.5,-18.5,-18.5,-18.5,0.0,0.0,0.0,0.0,0.0,0.0,0.0
0.0,0.0,0.0,0.0,0.0,0.0,0.0,0.0,0.0,0.0,0.0,0.0,0.0,0.0,0.0,0.0,0.0,0.0,0.0,0.0,0.0,-15.0,-6.0,-7.75,-16.5,-17.0,-19.0,-19.0,-19.0,-19.0,-10.25,-9.5,-18.5,-9.5,-21.5,-32.0,-11.5,-10.0,2.5,-4.5,-4.5,-2.9166666666666665,-6.166666666666667,-5.833333333333333,-17.25,-8.25,-16.5,-18.0,-18.0,-18.0,-18.0,-18.0,-18.0,-9.25,-19.0,-19.0,-18.5,-18.5,0.0,0.0,0.0,0.0,0.0,0.0,0.0,0.0
0.0,0.0,0.0,0.0,0.0,0.0,0.0,0.0,0.0,0.0,0.0,0.0,0.0,0.0,0.0,0.0,0.0,0.0,0.0,0.0,-10.666666666666666,-6.0,-10.5,-3.833333333333333,-17.0,-18.5,-10.5,-19.0,-19.0,-9.25,-17.5,-18.0,-18.5,-18.5,-21.5,-10.5,-8.0,-7.5,-6.833333333333333,16.0,-3.8,-5.666666666666667,-3.875,3.5,-2.5,-4.0,-16.0,-18.0,-18.0,-18.0,-18.0,-18.0,-18.0,-9.25,-19.0,-18.5,-18.5,-18.5,-18.5,0.0,0.0,0.0,0.0,0.0,0.0,0.0
0.0,0.0,0.0,0.0,0.0,0.0,0.0,0.0,0.0,0.0,0.0,0.0,0.0,-10.5,0.0,0.0,0.0,0.0,0.0,-10.666666666666666,-7.25,-9.0,-4.75,-10.0,-16.5,-16.5,-19.0,-19.0,-9.25,-9.25,-17.5,-17.0,-18.0,-19.0,-22.5,-10.5,-8.0,-8.0,-7.333333333333333,-3.3,-6.0,-4.625,-4.5,8.166666666666668,8.166666666666668,-9.0,-16.5,-18.0,-18.0,-18.0,-18.0,-18.0,-18.0,-9.25,-18.5,-18.5,-18.5,-18.5,-18.5,-18.166666666666668,0.0,0.0,0.0,0.0,0.0,0.0
0.0,0.0,0.0,0.0,0.0,0.0,0.0,0.0,0.0,0.0,0.0,0.0,0.0,0.0,-16.25,0.0,0.0,0.0,-16.25,0.0,-8.0,-8.0,-7.5,-10.0,-6.0,-6.25,-19.0,-19.0,-9.25,-9.0,-9.25,-17.5,-18.0,-19.0,-29.5,-14.75,-10.25,-7.166666666666667,-5.375,-9.0,-6.833333333333333,-6.666666666666667,-4.666666666666667,-5.083333333333333,-4.875,-9.25,-8.75,-17.5,-18.0,-9.25,-9.25,-18.0,-9.25,-18.5,-18.5,-9.25,-9.25,-17.5,-16.0,-18.25,-16.75,-16.0,0.0,0.0,0.0,0.0
0.0,0.0,0.0,0.0,0.0,0.0,0.0,0.0,0.0,0.0,0.0,-16.5,0.0,0.0,-16.25,0.0,-16.25,-16.25,-15.75,-10.166666666666666,-14.75,-6.5,-8.0,-10.0,-3.583333333333333,-6.25,-7.25,-19.0,-19.0,-9.25,-9.25,-9.25,-9.25,-19.5,-19.5,-10.25,-10.25,-7.0,-5.375,-7.0,-8.833333333333334,-8.333333333333334,-5.5,-10.5,-9.5,-11.75,-5.5,-18.0,-9.0,-18.5,-6.333333333333333,-17.0,-18.5,-18.5,-8.75,-8.75,-8.75,-16.0,-6.25,-16.5,-5.5,-5.5,-8.75,0.0,0.0,0.0
0.0,0.0,0.0,0.0,0.0,0.0,0.0,0.0,0.0,0.0,0.0,0.0,0.0,0.0,-16.0,-15.75,-15.0,-15.0,-10.666666666666666,-10.5,-10.5,-7.75,-3.6666666666666665,-5.75,-5.5,-4.166666666666667,-4.666666666666667,-7.75,-19.0,-19.0,-19.0,-19.0,-19.0,-19.0,-19.5,-20.0,-9.666666666666666,-7.0,-4.166666666666667,-7.666666666666667,-8.833333333333334,-8.833333333333334,-5.833333333333333,-9.0,-9.75,-9.25,-17.5,-18.0,-18.0,-4.666666666666667,-4.083333333333333,-6.25,-3.833333333333333,-4.5,-4.25,-9.0,-8.75,-8.5,-18.0,-3.1666666666666665,-11.0,-5.0,-19.5,-17.25,-36.0,0.0
0.0,0.0,0.0,0.0,0.0,0.0,0.0,0.0,0.0,0.0,0.0,0.0,0.0,0.0,-17.5,-15.75,-15.0,-4.833333333333333,-6.5,-6.75,-5.0,-4.5,-3.25,-2.85,-3.0,-6.0,-6.0,-4.833333333333333,-7.75,-19.0,-19.0,-19.0,-19.0,-19.0,-19.0,-8.5,-6.0,-1.8333333333333333,-1.7142857142857142,-6.5,-6.5,-8.0,-6.25,-6.0,-4.5,-17.5,-17.5,-6.5,-6.75,-3.8333333333333335,-3.166666666666667,-3.166666666666667,-6.75,-12.0,-12.25,-17.583333333333332,-9.916666666666666,-17.875,-35.25,-17.5,-6.5,-36.5,-19.0,-37.0,-35.5,0.0
0.0,0.0,0.0,0.0,0.0,0.0,0.0,0.0,0.0,0.0,0.0,0.0,-17.0,-20.5,-17.75,-17.5,-6.9,-6.25,-5.75,-6.0,-4.5,-4.333333333333333,-2.9,-2.7,-5.0,-5.0,-6.25,-4.5,-8.0,-8.25,-7.5,-21.0,-7.75,-7.5,-10.0,-9.5,-8.5,-2.2,-2.625,-4.0,-11.5,-7.166666666666667,-4.3,-6.166666666666667,-7.5,-6.5,-17.5,-7.0,-9.0,-4.0,-2.5,-3.333333333333333,-12.5,-8.75,-4.0,-16.75,-19.25,-17.5,-35.375,-35.25,-35.5,-17.75,-38.5,-36.75,-35.0,-35.5
0.0,0.0,0.0,0.0,0.0,0.0,0.0,0.0,0.0,0.0,0.0,0.0,0.0,-18.75,-18.0,-13.166666666666666,-4.0,-10.5,-6.25,-4.0,-3.625,-11.0,-6.25,-5.0,-4.75,-5.0,-5.0,-4.5,-5.166666666666667,-8.75,-13.0,-7.75,-10.5,-6.0,-8.5,-9.0,-9.5,-9.5,-4.833333333333333,-4.125,-4.5,-8.833333333333334,-6.125,-6.333333333333333,-6.5,-6.5,-17.0,-18.0,-4.375,-9.0,-2.0,-3.333333333333333,2.5,-2.25,2.333333333333334,-13.0,-9.35,-17.625,-35.166666666666664,-35.5,-35.833333333333336,-35.5,-36.0,-36.0,-34.25,-34.5
0.0,0.0,0.0,0.0,0.0,0.0,0.0,0.0,0.0,0.0,0.0,0.0,0.0,-18.75,-18.0,-12.5,-4.125,-11.0,-10.5,-6.25,-5.166666666666667,-5.666666666666667,-6.5,-3.5,-3.0,-4.75,-6.0,-5.0,-6.0,-6.0,-5.333333333333333,-12.0,-12.0,-10.0,-8.5,-5.75,-13.5,-6.166666666666667,-6.833333333333333,-5.375,-4.125,-5.25,-14.25,-3.875,-5.5,-6.25,-6.0,-6.0,-4.25,-8.0,-3.5,0.75,2.5,2.5,9.125,-4.5,-8.5,-34.375,-35.0,-35.0,-34.0,-34.0,-34.5,-34.0,-34.0,-34.0
0.0,0.0,0.0,0.0,0.0,0.0,0.0,0.0,0.0,0.0,0.0,0.0,0.0,-18.75,-18.5,-12.0,-7.0,-13.5,-11.0,-10.5,-6.0,-7.25,-6.0,-3.125,-3.3333333333333335,-3.5,-4.333333333333333,-8.0,-7.0,-6.5,-7.5,-7.25,-9.5,-9.0,-4.25,-12.0,-13.0,-23.0,-12.0,-8.5,-10.5,-10.5,-7.5,-5.166666666666667,-3.5,-3.25,-3.75,-3.75,-3.916666666666667,-8.0,-1.5,2.0833333333333335,9.166666666666666,0.16666666666666696,0.6666666666666665,-11.0,-17.333333333333332,-33.5,-34.0,-34.5,-34.0,-33.5,-34.5,-33.5,-33.5,-17.0
0.0,0.0,0.0,0.0,0.0,0.0,0.0,0.0,0.0,0.0,0.0,0.0,0.0,-18.75,-18.5,-21.5,-7.75,-13.0,-13.0,-11.0,-11.5,-12.0,-6.0,-5.75,-3.5,-3.0,-4.666666666666667,-7.0,-7.333333333333333,-6.666666666666667,-8.0,-6.25,-10.5,-9.0,-9.0,-6.25,-11.5,-5.0,-12.0,-12.25,-10.5,-6.333333333333333,-9.0,-9.0,-4.166666666666667,-1.9166666666666665,-3.75,-3.5,-8.666666666666666,-8.666666666666666,-7.875,-0.625,3.5833333333333335,-1.833333333333333,2.25,-5.0,-16.75,-31.5,-34.0,-34.5,-17.5,-24.75,-24.25,-16.166666666666668,-24.5,-24.25
0.0,0.0,0.0,0.0,0.0,0.0,0.0,0.0,0.0,0.0,0.0,0.0,0.0,-18.75,-19.0,-19.25,-6.666666666666667,-7.0,-13.0,-10.5,-10.5,-10.0,-3.3333333333333335,-3.5,-2.875,-3.0,-3.375,-6.5,-3.8333333333333335,-5.75,-8.5,-6.75,-5.75,-10.0,-9.0,-4.0,-5.75,-8.666666666666666,-9.25,-9.25,-10.0,-8.5,-9.25,-8.5,-8.75,-2.6666666666666665,-2.4166666666666665,-8.25,-9.0,-4.5,-8.75,-2.125,-0.16666666666666652,-4.5,2.25,-6.0,-15.25,-10.333333333333334,-10.416666666666666,-25.0,-25.0,-24.75,-24.5,-24.5,-24.5,0.0
0.0,0.0,0.0,0.0,0.0,0.0,0.0,0.0,0.0,0.0,0.0,0.0,0.0,-18.75,-17.5,-18.75,-10.75,-6.5,-10.5,-10.0,-10.5,-8.5,-1.3333333333333335,-5.0,-3.6666666666666665,-3.6666666666666665,-5.333333333333333,-5.833333333333333,-5.875,-5.2,-11.0,-10.5,-6.5,-5.5,-8.5,-2.0833333333333335,-4.25,-15.25,-12.25,-9.25,-9.75,-9.75,-9.75,-5.166666666666667,-7.25,-3.0833333333333335,-2.5833333333333335,-4.5,-4.5,-4.5,-9.333333333333334,-4.083333333333333,-2.833333333333334,-1.5,-7.5,-2.333333333333333,-15.25,-9.25,-9.625,-23.75,-23.75,-23.75,-23.25,-23.0,-23.25,0.0
0.0,0.0,0.0,0.0,0.0,0.0,0.0,0.0,0.0,0.0,0.0,0.0,0.0,-18.75,-19.25,-20.0,-11.0,-6.75,-10.0,-10.0,-11.5,-9.0,-9.0,-11.0,-3.0,-3.0,-4.5,-4.0,-3.9166666666666665,-6.25,-11.0,-11.0,-5.166666666666667,-5.5,-8.0,-4.75,-15.0,-17.25,-17.25,-11.75,-9.0,-9.0,-6.75,-7.5,-4.5,-3.166666666666667,-4.75,-4.75,-4.5,-3.416666666666667,-3.666666666666667,-7.75,-7.75,-16.5,-16.75,-8.75,-7.75,-10.25,-9.25,-16.25,-15.333333333333332,-24.25,-24.25,-13.5,0.0,0.0
0.0,0.0,0.0,0.0,0.0,0.0,0.0,0.0,0.0,0.0,0.0,0.0,0.0,-20.5,-21.75,-16.25,-13.25,-11.5,-12.5,-11.0,-12.0,-11.5,-4.75,-5.25,-4.5,-3.0833333333333335,-3.7,-4.2,-5.25,-5.125,-10.75,-10.5,-4.833333333333333,-10.5,-10.0,-5.25,-13.5,-18.25,-18.0,-17.5,-14.75,-8.75,-6.25,-6.25,-7.75,-2.5,-4.5,-4.5,-4.75,-5.25,-8.0,-9.0,-17.75,-18.25,-18.25,-18.0,-8.75,-10.625,-11.0,-24.5,-24.25,-23.0,-22.25,-22.25,0.0,0.0
0.0,0.0,0.0,0.0,0.0,0.0,0.0,0.0,0.0,0.0,0.0,0.0,0.0,0.0,-19.75,-12.75,-20.0,-25.5,-22.0,-18.0,-18.5,-17.5,-17.5,-9.25,-4.5,-7.666666666666667,-4.2,-6.125,-9.166666666666666,-18.0,-18.0,-7.0,-6.0,-10.0,-10.0,-5.75,-7.25,-20.0,-19.5,-19.0,-17.25,-10.75,-8.5,-8.5,-9.25,-4.333333333333333,-4.5,-0.75,-4.5,-5.5,-8.0,-8.5,-17.5,-18.5,-18.25,-18.25,-15.333333333333332,-14.583333333333332,-24.5,-16.5,-32.0,-15.25,-24.5,0.0,0.0,0.0
0.0,0.0,0.0,0.0,0.0,0.0,0.0,0.0,0.0,0.0,0.0,0.0,0.0,-16.0,-10.666666666666666,-19.916666666666668,-20.5,-29.0,-14.25,-26.5,-18.5,-8.75,-19.5,-7.166666666666667,-10.25,-7.0,-5.0,-8.0,-18.0,-18.25,-18.0,-15.75,-6.666666666666667,-6.0,-4.25,-7.5,-10.0,-9.75,-11.0,-11.166666666666666,-11.333333333333334,-11.5,-5.666666666666667,-4.0,-4.5,-7.0,-3.333333333333333,-5.0,-5.25,-6.5,-9.0,-19.75,-18.75,-12.0,-18.5,-11.166666666666666,-15.666666666666668,-23.75,-16.5,-14.75,-14.5,-15.25,0.0,0.0,0.0,0.0
0.0,0.0,0.0,0.0,0.0,0.0,0.0,0.0,0.0,0.0,0.0,0.0,0.0,-16.0,-16.25,-8.25,-8.166666666666666,-19.333333333333332,-18.875,-3.916666666666667,-18.5,-21.5,-10.5,-24.5,-24.5,-8.75,-7.0,-7.833333333333333,-16.0,-9.0,-6.75,-10.666666666666666,-3.875,-5.75,-10.5,-11.0,-8.75,-8.25,-8.25,-8.25,-8.5,-8.75,-9.25,-6.5,-7.5,-7.25,-6.75,-6.75,-6.5,-6.5,-9.0,-19.75,-18.75,-16.0,-16.75,-18.45,-10.625,-11.333333333333334,-16.0,-16.25,-16.25,-15.25,0.0,0.0,0.0,0.0
0.0,0.0,0.0,0.0,0.0,0.0,0.0,0.0,0.0,0.0,0.0,0.0,0.0,0.0,-13.75,-11.5,-9.5,-9.5,-6.25,-6.0,-11.0,-18.5,-26.5,-26.5,-26.0,-10.75,-8.75,-8.75,-7.0,-7.5,-7.5,-4.6,-7.25,-5.5,-12.0,-11.0,-14.5,-16.5,-7.5,-7.75,-5.75,-4.75,-8.0,-5.5,-6.25,-7.25,-6.25,-5.75,-11.5,-6.75,-6.75,-9.5,-16.75,-15.25,-15.75,-8.166666666666668,-7.833333333333332,-8.583333333333334,-10.166666666666666,-10.583333333333334,-15.5,0.0,0.0,0.0,0.0,0.0
0.0,0.0,0.0,0.0,0.0,0.0,0.0,0.0,0.0,0.0,0.0,0.0,0.0,0.0,-13.0,-3.5,-9.333333333333332,-5.25,-4.0,-4.0,-11.125,-18.0,-12.75,-26.5,-26.0,-25.0,-10.75,-8.0,-4.666666666666667,-3.0,-2.9,-5.166666666666667,-7.0,-6.5,-11.0,-11.0,-10.0,-10.0,-7.416666666666667,-8.0,-10.0,-10.5,-10.5,-5.25,-6.75,-6.25,-6.25,-11.0,-11.0,-6.5,-5.75,-8.75,-16.0,-15.5,-30.5,-14.125,-14.75,-8.0,-7.0,-9.416666666666666,0.0,0.0,0.0,0.0,0.0,0.0
0.0,0.0,0.0,0.0,0.0,0.0,0.0,0.0,0.0,0.0,0.0,0.0,0.0,0.0,-6.416666666666666,-6.5,-7.5,-4.0,-3.5,-3.75,-11.0,-18.0,-21.5,-26.5,-14.0,-12.75,-10.75,-8.75,-7.0,-8.0,-9.0,-5.166666666666667,-7.75,-6.75,-10.5,-11.0,-10.0,-10.0,-7.75,-7.5,-5.25,-5.0,-4.25,1.5,-5.5,-6.25,-12.0,-11.0,-11.0,-7.0,-15.25,-18.25,-14.75,-30.5,-32.666666666666664,-15.416666666666666,-15.75,-10.708333333333334,-3.0,0.0,0.0,0.0,0.0,0.0,0.0,0.0
0.0,0.0,0.0,0.0,0.0,0.0,0.0,0.0,0.0,0.0,0.0,0.0,0.0,-4.5,-0.08333333333333304,-6.5,-7.0,-5.0,-5.0,-11.0,-13.5,-17.5,-18.0,-12.5,-25.0,-25.0,-12.25,-10.25,-10.0,-8.75,-8.0,-5.166666666666667,-7.25,-6.25,-13.0,-10.0,-14.0,-20.5,-9.0,-14.25,-14.25,-0.25,-5.25,-5.25,-9.5,-9.5,-12.0,-11.0,-12.0,-5.0,-10.75,-25.25,-9.0,-8.666666666666666,-15.75,-10.666666666666666,-16.333333333333332,-10.583333333333334,-6.625,0.0,0.0,0.0,0.0,0.0,0.0,0.0
0.0,0.0,0.0,0.0,0.0,0.0,0.0,0.0,0.0,0.0,0.0,0.0,0.0,0.0,-1.0,-6.5,-7.833333333333333,-6.0,-11.5,-6.0,-14.25,-16.0,-17.5,-19.5,-25.0,-25.0,-10.5,-10.0,-8.75,-8.25,-8.0,-6.0,-7.0,-6.25,-16.5,-16.5,-14.0,-8.25,-7.5,-14.0,-2.0,-6.5,-5.833333333333333,-13.166666666666666,-9.5,-9.5,-12.0,-12.0,-17.5,-20.5,-18.5,-18.5,-35.0,-16.0,-9.833333333333334,-16.75,-17.0,-10.583333333333334,0.0,0.0,0.0,0.0,0.0,0.0,0.0,0.0
0.0,0.0,0.0,0.0,0.0,0.0,0.0,0.0,0.0,0.0,0.0,0.0,0.0,0.0,-1.5,-0.75,-1.75,-4.5,-3.5,-5.5,-4.25,-16.0,-17.5,-19.5,-21.5,-21.5,-8.25,-4.5,-7.0,-7.75,-10.5,-11.0,-11.0,-6.0,-16.5,-16.5,-16.25,-1.75,-8.75,-14.0,-13.75,-8.5,-4.5,-4.5,-9.0,-12.5,-12.0,-13.0,-19.5,-39.25,-36.0,-36.0,-18.25,-18.75,-17.75,-17.5,-17.5,-10.0,0.0,0.0,0.0,0.0,0.0,0.0,0.0,0.0
0.0,0.0,0.0,0.0,0.0,0.0,0.0,0.0,0.0,0.0,0.0,0.0,0.0,-15.5,-10.5,-5.25,0.0,-0.25,-6.0,-5.75,-8.416666666666666,-11.5,-21.5,-23.0,-16.0,-8.75,-8.75,-8.0,-9.25,-11.0,-3.75,-11.0,-10.5,-8.25,-16.5,-16.75,-16.0,-16.25,-16.0,-13.5,-13.5,-10.0,-10.25,-10.25,-9.5,-12.0,-12.0,-21.0,-39.0,-39.5,-36.0,-19.25,-19.25,-22.0,-18.75,-18.5,-11.0,0.0,0.0,0.0,0.0,0.0,0.0,0.0,0.0,0.0
0.0,0.0,0.0,0.0,0.0,0.0,0.0,0.0,0.0,0.0,0.0,0.0,0.0,0.0,-1.833333333333334,-2.333333333333333,0.5,-1.0,-0.5,-0.25,-7.916666666666666,-9.75,-21.5,-20.0,-8.75,-8.75,-8.5,-15.5,-8.5,-11.0,-11.0,-4.5,-15.0,-6.5,-8.25,-16.5,-16.0,-15.5,-16.0,-14.0,-13.75,-13.75,-10.0,-9.0,-9.5,-12.25,-12.5,-21.0,-35.75,-36.5,-36.5,-21.25,-21.75,-22.0,-21.25,-21.0,0.0,0.0,0.0,0.0,0.0,0.0,0.0,0.0,0.0,0.0
0.0,0.0,0.0,0.0,0.0,0.0,0.0,0.0,0.0,0.0,0.0,0.0,0.0,-5.875,-8.916666666666666,-14.75,-15.0,-15.75,-3.916666666666666,-7.5,-7.0,-18.0,-20.0,-20.0,-20.0,-5.833333333333333,-5.666666666666667,-16.0,-11.5,-11.0,-11.0,-7.5,-5.75,-8.75,-8.0,-16.75,-7.5,-8.5,-13.75,-13.75,-13.5,-13.25,-9.75,-6.0,-9.25,-12.0,-11.5,-10.25,-18.0,-20.25,-21.0,-21.75,-22.0,-22.0,-21.25,0.0,0.0,0.0,0.0,0.0,0.0,0.0,0.0,0.0,0.0,0.0
0.0,0.0,0.0,0.0,0.0,0.0,0.0,0.0,0.0,0.0,0.0,0.0,0.0,-6.083333333333334,4.4,-2.0,-17.333333333333332,-7.833333333333334,-7.0,-8.625,-3.466666666666667,-5.0,-6.75,-20.0,-21.5,-21.5,-21.0,-5.833333333333333,-7.0,-6.0,-12.0,-4.666666666666667,-3.5,-4.833333333333334,-1.666666666666667,-7.5,-2.833333333333333,-2.0,-1.75,-13.25,-8.25,-8.5,-12.75,-6.5,-9.75,-16.0,-7.75,-10.25,-19.5,-19.75,-21.25,-20.75,-22.0,-22.25,0.0,0.0,0.0,0.0,0.0,0.0,0.0,0.0,0.0,0.0,0.0,0.0
0.0,0.0,0.0,0.0,0.0,0.0,0.0,0.0,0.0,0.0,0.0,0.0,-2.125,2.1500000000000004,-2.875,-16.333333333333332,-16.0,-17.833333333333332,-18.166666666666668,-5.75,-5.416666666666667,-7.0,-7.0,-19.5,-21.5,-22.5,-7.5,-6.833333333333333,-8.5,-6.25,-6.75,-7.25,-13.25,-4.5,-4.75,-2.5,11.0,-2.5,-1.75,-13.5,-14.0,-12.75,-11.25,-12.0,-10.5,-16.5,-7.25,-6.833333333333334,-14.0,-20.75,-20.5,-20.5,-21.5,0.0,0.0,0.0,0.0,0.0,0.0,0.0,0.0,0.0,0.0,0.0,0.0,0.0
0.0,0.0,0.0,0.0,0.0,0.0,0.0,0.0,0.0,0.0,0.0,0.0,-5.916666666666666,-37.25,-9.666666666666668,-0.16666666666666696,-17.75,-17.5,-16.0,-11.4,-9.5,-13.0,-7.0,-20.0,-10.25,-22.5,-10.0,-19.5,-19.0,-4.5,-9.0,-7.0,-6.666666666666666,-4.166666666666667,-1.5,-9.25,-2.833333333333333,-9.333333333333332,-13.5,-12.5,-13.0,-13.5,-7.5,-11.5,-11.0,-8.0,-9.0,-6.25,-14.75,-15.0,-20.0,-14.0,-15.0,0.0,0.0,0.0,0.0,0.0,0.0,0.0,0.0,0.0,0.0,0.0,0.0,0.0
0.0,0.0,0.0,0.0,0.0,0.0,0.0,0.0,0.0,0.0,0.0,-13.25,-17.25,-36.75,-17.75,-1.547619047619048,-16.833333333333332,-17.0,-7.95,-4.166666666666667,-9.5,-11.5,-13.0,-20.0,-19.5,-22.5,-10.0,-10.0,-7.666666666666667,-7.166666666666667,-6.666666666666667,-7.666666666666667,-12.0,-5.916666666666667,-1.833333333333333,-0.34999999999999964,4.0,-6.583333333333334,-7.0,-19.0,-8.5,-7.083333333333333,-15.25,-14.5,-18.75,-10.0,-8.666666666666666,-15.75,-16.0,-15.5,-9.5,0.0,0.0,0.0,0.0,0.0,0.0,0.0,0.0,0.0,0.0,0.0,0.0,0.0,0.0,0.0
0.0,0.0,0.0,0.0,0.0,0.0,0.0,0.0,0.0,0.0,-4.333333333333333,0.0,-18.333333333333332,-19.083333333333332,-6.708333333333334,-2.6666666666666665,-7.083333333333333,-17.166666666666668,-17.333333333333332,-6.166666666666667,-8.0,-13.0,-13.0,-6.75,-19.5,-10.0,-6.5,-13.25,-6.375,-6.25,-8.166666666666666,-6.5,-7.5,-4.333333333333333,-5.166666666666667,-4.5,3.8499999999999996,6.0,-11.5,-10.0,-17.75,-4.291666666666667,-7.75,-17.25,-8.5,-11.5,-13.5,-16.5,-16.5,-16.75,-11.833333333333334,0.0,0.0,0.0,0.0,0.0,0.0,0.0,0.0,0.0,0.0,0.0,0.0,0.0,0.0,0.0
0.0,0.0,0.0,0.0,0.0,0.0,0.0,0.0,0.0,0.0,0.0,-37.166666666666664,-38.666666666666664,-5.199999999999999,-12.25,-7.166666666666666,-6.833333333333334,-3.25,-5.916666666666666,-2.333333333333333,-4.166666666666667,-13.0,-13.0,-6.75,-19.5,-7.0,-6.875,-8.375,-4.6,-4.875,-14.75,-33.0,-8.0,-7.5,-6.0,-3.625,6.5,-29.75,-30.5,-12.5,-19.5,-16.25,-17.5,-17.75,-11.5,-10.5,-10.375,-7.300000000000001,-8.875,-8.625,0.0,0.0,0.0,0.0,0.0,0.0,0.0,0.0,0.0,0.0,0.0,0.0,0.0,0.0,0.0,0.0
0.0,0.0,0.0,0.0,0.0,0.0,0.0,0.0,0.0,-5.083333333333334,-8.583333333333334,-37.75,-39.0,-6.375,-11.5,-5.0,-11.5,-2.875,-5.25,-9.25,-2.5,-4.333333333333333,-7.0,-4.333333333333333,-10.5,-6.333333333333334,-6.0,-3.3499999999999996,-5.666666666666667,-6.166666666666667,-6.5,-8.5,-8.833333333333334,-12.0,-14.0,-12.5,-2.875,-30.5,-32.333333333333336,-32.0,-8.625,-16.0,-17.0,-9.75,-10.0,-11.833333333333334,-12.25,-23.75,-10.0,0.0,0.0,0.0,0.0,0.0,0.0,0.0,0.0,0.0,0.0,0.0,0.0,0.0,0.0,0.0,0.0,0.0
0.0,0.0,0.0,-2.5,-2.5,-2.25,-2.75,0.0,0.0,0.0,-14.0,0.0,0.0,-4.833333333333334,-9.5,3.0,-8.833333333333334,-17.75,-4.833333333333334,-4.833333333333334,-3.5,-2.0,-2.333333333333333,-3.0,-7.5,-5.166666666666666,-7.0,0.125,1.0,-10.25,-14.5,-5.5,-7.0,-30.5,-31.166666666666668,-31.0,-30.833333333333332,-32.333333333333336,-32.5,-32.5,-5.208333333333333,-6.166666666666667,-11.25,-13.25,-13.75,-8.125,-7.9,-7.300000000000001,0.0,0.0,0.0,0.0,0.0,0.0,0.0,0.0,0.0,0.0,0.0,0.0,0.0,0.0,0.0,0.0,0.0,0.0
0.0,1.5,-2.75,-2.5,-2.5,-2.5,-2.5,-2.75,0.0,-6.083333333333334,-6.666666666666666,-34.5,-14.25,0.0,0.25,0.0,-3.0,-1.0,-5.416666666666666,-2.916666666666667,-1.333333333333333,-3.0,-3.3333333333333335,-1.666666666666667,-8.75,-6.0,-6.0,-2.75,0.0,-14.5,-16.5,-5.833333333333334,-11.75,-27.5,-28.0,-28.375,-14.916666666666666,-10.333333333333334,-16.5,-38.5,-7.25,-7.5,-12.75,-13.0,0.0,-5.7,-6.199999999999999,0.0,0.0,0.0,0.0,0.0,0.0,0.0,0.0,0.0,0.0,0.0,0.0,0.0,0.0,0.0,0.0,0.0,0.0,0.0
-7.25,0.0,-2.5,-2.5,-2.5,-2.5,-2.5,-3.5,-6.25,0.0,-6.166666666666666,-34.5,-7.166666666666666,-7.333333333333334,3.666666666666666,5.5,6.6,-1.8333333333333335,-4.5,0.6000000000000001,7.125,6.166666666666667,-0.666666666666667,1.666666666666667,-5.25,-5.5,-2.75,-2.75,-2.75,-3.5,-7.5,-5.833333333333334,-12.0,-9.25,-12.416666666666666,-27.5,-16.0,-18.166666666666668,-38.5,-38.25,-39.0,-5.875,-12.75,-12.5,0.0,-7.833333333333334,0.0,0.0,0.0,0.0,0.0,0.0,0.0,0.0,0.0,0.0,0.0,0.0,0.0,0.0,0.0,0.0,0.0,0.0,0.0,0.0
0.0,0.0,0.0,1.5,-2.5,-2.5,-2.75,-3.5,-8.0,0.0,0.0,-34.5,-4.5,0.0,6.125,7.5,8.416666666666668,5.0,0.0,2.45,4.833333333333333,4.166666666666667,5.166666666666667,-0.8333333333333339,-5.25,-5.75,-2.75,-3.25,-3.75,-3.166666666666666,-8.5,-4.5,-27.5,-9.25,-9.0,-7.583333333333334,-5.625,-8.0,0.0,0.0,0.0,0.0,0.0,0.0,0.0,0.0,0.0,0.0,0.0,0.0,0.0,0.0,0.0,0.0,0.0,0.0,0.0,0.0,0.0,0.0,0.0,0.0,0.0,0.0,0.0,0.0
0.0,0.0,0.0,0.0,-2.5,-2.5,-2.5,-3.5,-8.0,0.0,0.0,0.0,-2.166666666666666,7.0,7.5,6.625,6.125,5.625,6.625,4.0,3.45,5.25,-5.5,-9.5,-6.0,-6.0,-2.5,-3.25,-3.75,-4.833333333333334,-4.5,-27.0,-27.0,-8.75,-8.25,-5.0,0.0,-9.0,0.0,0.0,0.0,0.0,0.0,0.0,0.0,0.0,0.0,0.0,0.0,0.0,0.0,0.0,0.0,0.0,0.0,0.0,0.0,0.0,0.0,0.0,0.0,0.0,0.0,0.0,0.0,0.0
0.0,0.0,0.0,0.0,0.0,0.0,-2.5,0.0,0.0,-6.0,0.0,0.0,-5.166666666666666,7.0,0.0,0.0,0.0,6.125,5.875,14.0,15.75,-5.0,-12.25,-9.5,-3.166666666666666,-6.0,-4.0,-3.25,-5.25,-3.666666666666666,-9.5,-9.0,0.0,0.0,0.0,0.0,0.0,0.0,0.0,0.0,0.0,0.0,0.0,0.0,0.0,0.0,0.0,0.0,0.0,0.0,0.0,0.0,0.0,0.0,0.0,0.0,0.0,0.0,0.0,0.0,0.0,0.0,0.0,0.0,0.0,0.0
0.0,0.0,0.0,0.0,0.0,0.0,0.0,0.0,0.0,-8.833333333333334,0.0,0.0,6.5,0.0,6.333333333333334,4.333333333333334,4.333333333333334,3.833333333333334,-0.6666666666666661,4.875,15.875,-1.166666666666666,-5.25,0.0,-3.0,-2.0,-5.75,-6.75,-6.75,-8.0,0.0,0.0,0.0,0.0,0.0,0.0,0.0,0.0,0.0,0.0,0.0,0.0,0.0,0.0,0.0,0.0,0.0,0.0,0.0,0.0,0.0,0.0,0.0,0.0,0.0,0.0,0.0,0.0,0.0,0.0,0.0,0.0,0.0,0.0,0.0,0.0
0.0,0.0,0.0,0.0,0.0,0.0,0.0,0.0,0.0,-8.666666666666666,0.0,0.0,0.0,0.0,0.0,4.333333333333334,4.333333333333334,4.833333333333334,-0.6666666666666661,0.0,15.875,9.0,-2.75,-4.333333333333333,-5.166666666666666,-7.25,-7.0,0.0,-5.25,0.0,0.0,0.0,0.0,0.0,0.0,0.0,0.0,0.0,0.0,0.0,0.0,0.0,0.0,0.0,0.0,0.0,0.0,0.0,0.0,0.0,0.0,0.0,0.0,0.0,0.0,0.0,0.0,0.0,0.0,0.0,0.0,0.0,0.0,0.0,0.0,0.0
