0.0,0.0,0.0,0.0,0.0,0.0,0.0,0.0,0.0,0.0,0.0,0.0,0.0,0.0,0.0,0.0,0.0,0.0,0.0,0.0,0.0,0.0,0.0,0.0,0.0,0.0,0.0,0.0,0.0,0.0,0.0,0.0,0.0,0.0,0.0,0.0,0.0,0.0,0.0,0.0,0.0,0.0,0.0,0.0,0.0,0.0,0.0,0.0,0.0,0.0,0.0,0.0,0.0,0.0,0.0,0.0,0.0,0.0,0.0,0.0,0.0,0.0,0.0,0.0,0.0,0.0
0.0,0.0,0.0,0.0,0.0,0.0,0.0,0.0,0.0,0.0,0.0,0.0,0.0,0.0,0.0,0.0,0.0,0.0,0.0,0.0,0.0,0.0,0.0,0.0,0.0,0.0,0.0,0.0,0.0,0.0,0.0,0.0,0.0,0.0,0.0,0.0,0.0,0.0,0.0,0.0,0.0,0.0,0.0,0.0,0.0,6.333333333333333,5.571428571428571,0.0,0.0,0.0,0.0,0.0,0.0,0.0,0.0,0.0,0.0,0.0,0.0,0.0,0.0,0.0,0.0,0.0,0.0,0.0
0.0,0.0,0.0,0.0,0.0,0.0,0.0,0.0,0.0,0.0,0.0,0.0,0.0,0.0,0.0,0.0,0.0,0.0,0.0,0.0,0.0,0.0,0.0,0.0,0.0,0.0,0.0,0.0,0.0,0.0,0.0,0.0,0.0,0.0,0.0,0.0,0.0,0.0,0.0,0.0,0.0,8.666666666666666,7.5,7.666666666666667,7.666666666666667,8.333333333333334,7.666666666666667,9.2,0.0,0.0,0.0,0.0,0.0,0.0,0.0,0.0,0.0,0.0,0.0,0.0,0.0,0.0,0.0,0.0,0.0,0.0
0.0,0.0,0.0,0.0,0.0,0.0,0.0,0.0,0.0,0.0,0.0,0.0,0.0,0.0,0.0,0.0,0.0,0.0,0.0,0.0,0.0,0.0,0.0,0.0,0.0,0.0,0.0,0.0,0.0,0.0,0.0,0.0,0.0,0.0,0.0,0.0,0.0,0.0,0.0,0.0,8.142857142857142,7.714285714285714,10.2,10.75,8.571428571428571,10.0,11.2,13.2,14.6,0.0,0.0,0.0,0.0,0.0,0.0,0.0,0.0,0.0,0.0,0.0,0.0,0.0,0.0,0.0,0.0,0.0
0.0,0.0,0.0,0.0,0.0,0.0,0.0,0.0,0.0,0.0,0.0,0.0,0.0,0.0,0.0,0.0,0.0,0.0,0.0,0.0,0.0,0.0,0.0,0.0,0.0,0.0,0.0,0.0,0.0,0.0,0.0,0.0,0.0,0.0,0.0,0.0,0.0,0.0,0.0,0.0,8.125,9.142857142857142,10.0,9.5,8.375,11.142857142857142,11.285714285714286,14.6,16.4,13.0,17.75,0.0,0.0,0.0,0.0,0.0,0.0,0.0,0.0,0.0,0.0,0.0,0.0,0.0,0.0,0.0
0.0,0.0,0.0,0.0,0.0,0.0,0.0,0.0,0.0,0.0,0.0,0.0,0.0,0.0,0.0,0.0,0.0,0.0,0.0,0.0,0.0,0.0,0.0,0.0,0.0,0.0,0.0,0.0,0.0,0.0,0.0,0.0,0.0,0.0,0.0,0.0,0.0,0.0,0.0,11.8,28.333333333333332,11.142857142857142,11.666666666666666,15.0,11.714285714285714,11.857142857142858,11.285714285714286,13.333333333333334,16.4,16.6,16.2,12.833333333333334,0.0,0.0,0.0,0.0,0.0,0.0,0.0,0.0,0.0,0.0,0.0,0.0,0.0,0.0
0.0,0.0,0.0,0.0,0.0,0.0,0.0,0.0,0.0,0.0,0.0,0.0,0.0,0.0,0.0,0.0,0.0,0.0,0.0,0.0,0.0,0.0,0.0,0.0,0.0,0.0,0.0,0.0,0.0,0.0,0.0,0.0,0.0,0.0,0.0,0.0,0.0,0.0,0.0,18.0,22.0,19.2,12.714285714285714,17.2,14.166666666666666,18.2,19.25,16.0,16.4,16.8,16.4,19.5,0.0,0.0,0.0,0.0,0.0,0.0,0.0,0.0,0.0,0.0,0.0,0.0,0.0,0.0
0.0,0.0,0.0,0.0,0.0,0.0,0.0,0.0,0.0,0.0,0.0,0.0,0.0,0.0,0.0,0.0,0.0,0.0,0.0,0.0,0.0,0.0,0.0,0.0,0.0,0.0,0.0,0.0,0.0,0.0,0.0,0.0,0.0,0.0,0.0,0.0,0.0,0.0,0.0,17.4,24.0,22.75,18.4,14.5,15.166666666666666,21.0,20.75,20.0,16.6,16.6,19.75,17.75,0.0,0.0,0.0,0.0,0.0,0.0,0.0,0.0,0.0,0.0,0.0,0.0,0.0,0.0
0.0,0.0,0.0,0.0,0.0,0.0,0.0,0.0,0.0,0.0,0.0,0.0,0.0,0.0,0.0,0.0,0.0,0.0,0.0,0.0,20.0,41.0,0.0,0.0,0.0,0.0,0.0,0.0,0.0,0.0,0.0,0.0,0.0,0.0,0.0,0.0,0.0,0.0,19.5,15.8,15.666666666666666,24.25,16.0,15.5,14.666666666666666,20.75,16.0,18.75,20.0,20.0,21.333333333333332,31.0,0.0,0.0,0.0,0.0,0.0,0.0,0.0,0.0,0.0,0.0,0.0,0.0,0.0,0.0
0.0,0.0,0.0,0.0,0.0,0.0,0.0,0.0,0.0,0.0,0.0,0.0,0.0,0.0,0.0,0.0,0.0,0.0,0.0,20.5,39.0,21.0,0.0,0.0,0.0,0.0,0.0,0.0,0.0,0.0,0.0,0.0,0.0,0.0,0.0,0.0,0.0,0.0,10.0,19.0,15.666666666666666,11.75,11.25,12.285714285714286,16.8,15.2,17.25,17.75,17.5,31.0,31.5,0.0,0.0,0.0,0.0,0.0,0.0,0.0,0.0,0.0,0.0,0.0,0.0,0.0,0.0,0.0
0.0,0.0,0.0,0.0,0.0,0.0,0.0,0.0,0.0,0.0,0.0,0.0,0.0,0.0,0.0,0.0,0.0,0.0,44.0,0.0,20.0,20.0,21.5,0.0,0.0,0.0,0.0,0.0,0.0,0.0,0.0,0.0,0.0,0.0,0.0,0.0,0.0,0.0,13.0,13.714285714285714,13.857142857142858,16.333333333333332,15.666666666666666,12.0,13.666666666666666,14.6,16.75,22.333333333333332,17.0,31.0,21.0,0.0,0.0,0.0,0.0,0.0,0.0,0.0,0.0,0.0,0.0,0.0,0.0,0.0,0.0,0.0
0.0,0.0,0.0,0.0,0.0,0.0,0.0,0.0,0.0,0.0,0.0,0.0,0.0,0.0,0.0,0.0,0.0,0.0,44.0,20.0,20.0,20.5,18.5,0.0,0.0,0.0,0.0,0.0,0.0,0.0,0.0,0.0,0.0,0.0,0.0,0.0,0.0,0.0,8.666666666666666,11.714285714285714,13.428571428571429,16.333333333333332,11.5,10.428571428571429,10.0,11.333333333333334,17.5,17.25,17.0,20.666666666666668,11.8,0.0,0.0,0.0,0.0,0.0,0.0,0.0,0.0,0.0,0.0,0.0,0.0,0.0,0.0,0.0
0.0,0.0,0.0,0.0,0.0,0.0,0.0,0.0,0.0,0.0,0.0,0.0,0.0,0.0,0.0,0.0,0.0,0.0,39.0,20.0,20.5,20.5,19.0,18.5,0.0,0.0,0.0,0.0,0.0,0.0,0.0,0.0,0.0,0.0,0.0,0.0,0.0,0.0,7.111111111111111,10.5,9.666666666666666,9.222222222222221,8.444444444444445,8.875,8.5,10.857142857142858,11.0,9.666666666666666,10.8,11.2,11.2,0.0,0.0,0.0,0.0,0.0,0.0,0.0,0.0,0.0,0.0,0.0,0.0,0.0,0.0,0.0
0.0,0.0,0.0,0.0,0.0,0.0,0.0,0.0,0.0,0.0,0.0,0.0,0.0,0.0,0.0,0.0,0.0,0.0,0.0,0.0,20.5,20.5,18.5,19.0,0.0,0.0,0.0,0.0,0.0,0.0,0.0,0.0,0.0,0.0,0.0,0.0,0.0,0.0,5.8,8.375,8.428571428571429,8.142857142857142,5.636363636363637,7.222222222222222,7.4,5.3,5.9,6.0,5.375,0.0,0.0,0.0,0.0,0.0,0.0,0.0,0.0,0.0,0.0,0.0,0.0,0.0,0.0,0.0,0.0,0.0
0.0,0.0,0.0,0.0,0.0,0.0,0.0,0.0,0.0,0.0,0.0,0.0,0.0,0.0,0.0,0.0,0.0,0.0,0.0,0.0,20.5,21.0,19.5,20.0,20.0,0.0,0.0,0.0,0.0,0.0,11.0,0.0,0.0,0.0,0.0,0.0,6.714285714285714,4.333333333333333,5.666666666666667,8.5,9.666666666666666,7.666666666666667,5.0,6.1,5.5,5.285714285714286,5.666666666666667,5.166666666666667,4.0,4.625,0.0,0.0,0.0,0.0,0.0,0.0,0.0,0.0,0.0,0.0,0.0,0.0,0.0,0.0,0.0,0.0
0.0,0.0,0.0,0.0,0.0,0.0,0.0,0.0,0.0,0.0,0.0,0.0,0.0,0.0,0.0,0.0,0.0,0.0,0.0,0.0,0.0,18.0,19.5,20.0,20.0,12.666666666666666,0.0,0.0,0.0,0.0,8.25,6.0,0.0,0.0,0.0,4.571428571428571,8.166666666666666,8.0,10.5,8.5,9.285714285714286,10.125,5.615384615384615,5.1,5.285714285714286,5.666666666666667,5.2,5.0,4.6,4.75,0.0,0.0,0.0,0.0,0.0,0.0,0.0,0.0,0.0,0.0,0.0,0.0,0.0,0.0,0.0,0.0
0.0,0.0,0.0,0.0,0.0,0.0,0.0,0.0,0.0,0.0,0.0,0.0,0.0,0.0,0.0,0.0,0.0,0.0,0.0,0.0,0.0,0.0,18.5,20.0,20.0,12.666666666666666,18.5,19.0,12.666666666666666,8.6,7.333333333333333,6.8,4.714285714285714,4.428571428571429,0.0,4.125,4.5,7.714285714285714,11.8,9.285714285714286,11.0,10.142857142857142,7.9,4.888888888888889,4.0,4.2,4.2,5.75,4.285714285714286,4.571428571428571,0.0,0.0,0.0,0.0,0.0,0.0,0.0,0.0,0.0,0.0,0.0,0.0,0.0,0.0,0.0,0.0
0.0,0.0,0.0,0.0,0.0,0.0,0.0,0.0,0.0,0.0,0.0,0.0,0.0,0.0,0.0,0.0,0.0,0.0,0.0,0.0,0.0,0.0,0.0,20.0,20.0,12.666666666666666,18.5,11.666666666666666,13.0,8.0,5.666666666666667,6.0,4.5,4.5,4.125,4.125,5.0,4.875,8.142857142857142,8.125,10.428571428571429,11.333333333333334,9.285714285714286,5.75,4.666666666666667,5.166666666666667,4.833333333333333,4.0,3.6666666666666665,0.0,0.0,0.0,0.0,0.0,0.0,0.0,0.0,0.0,0.0,0.0,0.0,0.0,0.0,0.0,0.0,0.0
0.0,0.0,0.0,0.0,0.0,0.0,0.0,0.0,0.0,0.0,0.0,0.0,0.0,0.0,0.0,0.0,0.0,0.0,0.0,0.0,0.0,0.0,0.0,0.0,0.0,12.666666666666666,8.0,10.0,4.0,4.75,5.0,5.0,6.666666666666667,7.666666666666667,5.4,5.166666666666667,6.5,6.333333333333333,11.0,10.833333333333334,12.333333333333334,14.8,9.714285714285714,6.111111111111111,4.555555555555555,5.0,4.625,4.0,4.833333333333333,0.0,0.0,0.0,0.0,0.0,0.0,0.0,0.0,0.0,0.0,0.0,0.0,0.0,0.0,0.0,0.0,0.0
0.0,0.0,0.0,0.0,0.0,0.0,0.0,0.0,0.0,0.0,0.0,0.0,0.0,0.0,0.0,0.0,0.0,0.0,0.0,0.0,0.0,0.0,0.0,0.0,0.0,0.0,6.0,5.0,3.6666666666666665,3.25,3.75,6.0,7.333333333333333,8.666666666666666,8.666666666666666,6.0,6.2,6.833333333333333,11.2,11.6,14.6,15.4,12.166666666666666,5.181818181818182,5.888888888888889,6.111111111111111,7.285714285714286,6.571428571428571,5.0,6.142857142857143,0.0,0.0,0.0,0.0,0.0,0.0,0.0,0.0,0.0,0.0,0.0,0.0,0.0,0.0,0.0,0.0
0.0,0.0,0.0,0.0,0.0,0.0,0.0,0.0,0.0,0.0,0.0,0.0,0.0,0.0,0.0,0.0,0.0,0.0,0.0,0.0,0.0,0.0,0.0,0.0,0.0,0.0,0.0,4.666666666666667,3.6666666666666665,3.6666666666666665,4.333333333333333,6.0,7.333333333333333,8.333333333333334,8.333333333333334,6.6,6.2,8.166666666666666,9.833333333333334,11.0,12.8,12.166666666666666,7.75,7.857142857142857,7.625,8.571428571428571,11.4,9.8,7.833333333333333,7.285714285714286,0.0,0.0,0.0,0.0,0.0,0.0,0.0,0.0,0.0,0.0,0.0,0.0,0.0,0.0,0.0,0.0
0.0,0.0,0.0,0.0,0.0,0.0,0.0,0.0,0.0,0.0,0.0,0.0,0.0,0.0,0.0,0.0,0.0,0.0,0.0,0.0,0.0,0.0,0.0,0.0,0.0,0.0,0.0,6.0,4.5,3.6666666666666665,4.333333333333333,5.0,7.333333333333333,8.333333333333334,8.666666666666666,6.4,7.0,8.8,12.2,12.2,13.4,12.0,9.0,10.166666666666666,10.333333333333334,10.0,9.333333333333334,10.8,10.6,11.0,0.0,0.0,0.0,0.0,0.0,0.0,0.0,0.0,0.0,0.0,0.0,0.0,0.0,0.0,0.0,0.0
0.0,0.0,0.0,0.0,0.0,0.0,0.0,0.0,0.0,0.0,0.0,0.0,0.0,0.0,0.0,0.0,0.0,0.0,0.0,0.0,0.0,0.0,0.0,0.0,0.0,0.0,0.0,0.0,3.25,5.0,5.0,5.0,6.333333333333333,8.666666666666666,9.666666666666666,6.8,7.2,8.8,14.0,14.0,12.8,12.0,8.333333333333334,10.0,10.0,9.166666666666666,10.6,12.75,12.25,16.0,11.75,11.75,0.0,0.0,0.0,0.0,0.0,0.0,0.0,0.0,0.0,0.0,0.0,0.0,0.0,0.0
0.0,0.0,0.0,0.0,0.0,0.0,0.0,0.0,0.0,0.0,0.0,0.0,0.0,0.0,0.0,0.0,0.0,0.0,0.0,0.0,0.0,0.0,0.0,0.0,0.0,0.0,0.0,0.0,0.0,7.333333333333333,4.0,6.666666666666667,6.333333333333333,8.666666666666666,7.25,6.75,7.4,8.4,12.25,14.0,14.5,14.25,11.6,10.4,10.6,12.25,12.0,15.333333333333334,15.666666666666666,16.0,16.0,15.333333333333334,21.5,0.0,0.0,0.0,0.0,0.0,0.0,0.0,0.0,0.0,0.0,0.0,0.0,0.0
0.0,0.0,0.0,0.0,0.0,0.0,0.0,0.0,0.0,0.0,0.0,0.0,0.0,0.0,0.0,0.0,0.0,0.0,0.0,0.0,0.0,0.0,0.0,0.0,0.0,0.0,0.0,0.0,0.0,8.666666666666666,5.666666666666667,5.0,5.25,5.75,6.5,7.0,7.5,8.4,12.75,12.0,13.75,15.25,16.25,16.666666666666668,14.666666666666666,11.0,9.2,11.0,14.0,12.5,23.5,15.333333333333334,22.0,23.5,0.0,0.0,0.0,0.0,0.0,0.0,0.0,0.0,0.0,0.0,0.0,0.0
0.0,0.0,0.0,0.0,0.0,0.0,0.0,0.0,0.0,0.0,0.0,0.0,0.0,0.0,0.0,0.0,0.0,0.0,0.0,0.0,0.0,0.0,0.0,0.0,0.0,0.0,0.0,0.0,9.333333333333334,9.333333333333334,8.666666666666666,7.25,7.25,5.4,8.0,8.25,7.6,15.333333333333334,16.0,17.333333333333332,20.0,19.0,14.0,17.666666666666668,24.5,13.5,14.0,13.25,10.2,11.5,16.666666666666668,12.5,23.5,24.0,0.0,0.0,0.0,0.0,0.0,0.0,0.0,0.0,0.0,0.0,0.0,0.0
0.0,0.0,0.0,0.0,0.0,0.0,0.0,0.0,0.0,0.0,0.0,0.0,0.0,0.0,0.0,0.0,0.0,0.0,0.0,0.0,0.0,0.0,0.0,0.0,0.0,0.0,0.0,0.0,11.333333333333334,9.0,8.75,9.0,9.0,11.0,10.75,11.0,11.5,16.0,17.0,19.666666666666668,19.0,18.0,17.666666666666668,25.0,18.0,14.5,25.0,14.0,12.75,12.5,16.666666666666668,17.333333333333332,16.666666666666668,25.5,25.5,0.0,0.0,0.0,0.0,0.0,0.0,0.0,0.0,0.0,0.0,0.0
0.0,0.0,0.0,0.0,0.0,0.0,0.0,0.0,0.0,0.0,0.0,0.0,0.0,0.0,0.0,0.0,0.0,0.0,0.0,0.0,0.0,0.0,0.0,0.0,0.0,0.0,0.0,0.0,15.5,12.666666666666666,10.5,10.5,11.25,11.25,11.25,11.0,11.25,8.4,13.666666666666666,19.0,18.333333333333332,12.5,24.0,24.0,23.0,16.666666666666668,15.0,13.5,13.25,16.0,9.4,17.333333333333332,12.75,18.666666666666668,19.333333333333332,25.5,0.0,0.0,0.0,0.0,0.0,0.0,0.0,0.0,0.0,0.0
0.0,0.0,0.0,0.0,0.0,0.0,0.0,0.0,0.0,0.0,0.0,0.0,0.0,0.0,0.0,0.0,0.0,0.0,0.0,0.0,0.0,0.0,0.0,0.0,0.0,0.0,0.0,0.0,20.0,16.333333333333332,11.75,18.333333333333332,17.333333333333332,16.0,16.333333333333332,12.0,8.0,8.6,9.2,19.0,17.0,12.25,15.666666666666666,23.0,23.0,22.5,21.0,21.0,14.333333333333334,22.5,14.333333333333334,17.666666666666668,18.333333333333332,17.666666666666668,19.666666666666668,14.0,0.0,0.0,0.0,0.0,0.0,0.0,0.0,0.0,0.0,0.0
0.0,0.0,0.0,0.0,0.0,0.0,0.0,0.0,0.0,0.0,0.0,0.0,0.0,0.0,0.0,0.0,0.0,0.0,0.0,0.0,0.0,0.0,0.0,0.0,0.0,0.0,0.0,0.0,22.5,16.333333333333332,26.0,18.666666666666668,19.666666666666668,26.5,25.0,17.0,9.6,7.666666666666667,15.5,18.333333333333332,18.333333333333332,16.0,15.666666666666666,23.0,23.0,22.5,22.0,22.0,15.0,15.666666666666666,9.8,17.666666666666668,18.0,13.5,18.0,0.0,0.0,0.0,0.0,0.0,0.0,0.0,0.0,0.0,0.0,0.0
0.0,0.0,0.0,0.0,0.0,0.0,0.0,0.0,0.0,0.0,0.0,0.0,0.0,0.0,0.0,0.0,0.0,0.0,0.0,0.0,0.0,0.0,0.0,0.0,0.0,0.0,0.0,0.0,0.0,26.5,29.5,22.333333333333332,20.333333333333332,27.0,25.0,17.0,23.5,16.333333333333332,15.25,19.666666666666668,27.0,16.666666666666668,15.666666666666666,15.666666666666666,23.0,23.0,22.5,15.0,12.75,14.5,11.6,11.6,11.4,19.333333333333332,17.333333333333332,0.0,0.0,0.0,0.0,0.0,0.0,0.0,0.0,0.0,0.0,0.0
0.0,0.0,0.0,0.0,0.0,0.0,0.0,0.0,0.0,0.0,0.0,0.0,0.0,0.0,0.0,0.0,0.0,0.0,0.0,0.0,0.0,0.0,0.0,0.0,0.0,0.0,0.0,0.0,0.0,18.333333333333332,20.666666666666668,18.5,22.0,27.0,25.0,26.5,24.0,25.5,29.0,19.666666666666668,18.333333333333332,27.0,16.0,15.666666666666666,16.333333333333332,16.666666666666668,14.25,14.75,14.6,13.2,12.2,11.8,11.8,12.2,0.0,0.0,0.0,0.0,0.0,0.0,0.0,0.0,0.0,0.0,0.0,0.0
0.0,0.0,0.0,0.0,0.0,0.0,0.0,0.0,0.0,0.0,0.0,0.0,0.0,0.0,0.0,0.0,0.0,0.0,0.0,0.0,0.0,0.0,0.0,0.0,0.0,0.0,0.0,0.0,18.0,23.0,24.0,25.333333333333332,24.666666666666668,30.0,27.5,29.0,28.5,29.5,30.0,19.666666666666668,27.0,27.0,16.0,12.0,13.0,14.0,14.5,15.75,14.4,11.5,10.5,14.5,11.4,11.0,0.0,0.0,0.0,0.0,0.0,0.0,0.0,0.0,0.0,0.0,0.0,0.0
0.0,0.0,0.0,0.0,0.0,0.0,0.0,0.0,0.0,0.0,0.0,0.0,0.0,0.0,0.0,0.0,0.0,0.0,0.0,0.0,0.0,0.0,0.0,0.0,0.0,0.0,0.0,0.0,20.0,21.666666666666668,23.666666666666668,23.666666666666668,25.666666666666668,25.0,23.333333333333332,33.5,20.333333333333332,29.0,20.0,19.0,26.5,18.333333333333332,14.0,12.25,16.0,14.25,14.5,12.6,13.0,13.0,12.4,12.0,11.4,0.0,0.0,0.0,0.0,0.0,0.0,0.0,0.0,0.0,0.0,0.0,0.0,0.0
0.0,0.0,0.0,0.0,0.0,0.0,0.0,0.0,0.0,0.0,0.0,0.0,0.0,0.0,0.0,0.0,0.0,0.0,0.0,0.0,0.0,0.0,0.0,0.0,0.0,0.0,0.0,0.0,0.0,21.0,21.0,21.333333333333332,21.333333333333332,21.0,21.333333333333332,31.0,20.666666666666668,27.5,28.0,19.333333333333332,25.5,18.333333333333332,14.0,12.5,16.333333333333332,16.333333333333332,16.333333333333332,12.4,13.2,13.0,12.2,9.5,11.4,0.0,0.0,0.0,0.0,0.0,0.0,0.0,0.0,0.0,0.0,0.0,0.0,0.0
0.0,0.0,0.0,0.0,0.0,0.0,0.0,0.0,0.0,0.0,0.0,0.0,0.0,0.0,0.0,0.0,0.0,0.0,0.0,0.0,0.0,0.0,0.0,0.0,0.0,0.0,0.0,0.0,0.0,20.333333333333332,21.0,20.666666666666668,21.0,20.333333333333332,30.5,20.666666666666668,30.5,14.75,18.0,27.0,17.333333333333332,17.666666666666668,10.0,12.5,16.333333333333332,16.333333333333332,13.0,13.75,10.5,9.0,9.166666666666666,11.0,0.0,0.0,0.0,0.0,0.0,0.0,0.0,0.0,0.0,0.0,0.0,0.0,0.0,0.0
0.0,0.0,0.0,0.0,0.0,0.0,0.0,0.0,0.0,0.0,0.0,0.0,0.0,0.0,0.0,0.0,0.0,0.0,0.0,0.0,0.0,0.0,0.0,0.0,0.0,0.0,0.0,0.0,0.0,0.0,20.666666666666668,20.0,20.666666666666668,30.0,20.666666666666668,31.5,30.5,27.0,18.333333333333332,17.0,16.666666666666668,17.0,9.8,12.0,12.75,12.75,13.5,11.2,9.6,7.333333333333333,7.0,7.6,0.0,0.0,0.0,0.0,0.0,0.0,0.0,0.0,0.0,0.0,0.0,0.0,0.0,0.0
0.0,0.0,0.0,0.0,0.0,0.0,0.0,0.0,0.0,0.0,0.0,0.0,0.0,0.0,0.0,0.0,0.0,0.0,0.0,0.0,0.0,0.0,0.0,0.0,0.0,0.0,0.0,0.0,0.0,32.666666666666664,21.666666666666668,20.666666666666668,21.333333333333332,20.666666666666668,29.0,29.333333333333332,27.5,26.0,25.5,24.0,17.0,11.8,9.4,8.833333333333334,13.0,13.25,14.25,8.6,6.833333333333333,9.75,7.25,8.25,5.166666666666667,0.0,0.0,0.0,0.0,0.0,0.0,0.0,0.0,0.0,0.0,0.0,0.0,0.0
0.0,0.0,0.0,0.0,0.0,0.0,0.0,0.0,0.0,0.0,0.0,0.0,0.0,0.0,0.0,0.0,0.0,0.0,0.0,0.0,0.0,0.0,0.0,0.0,0.0,0.0,0.0,0.0,0.0,32.333333333333336,29.666666666666668,22.0,33.0,32.666666666666664,32.333333333333336,43.5,41.0,16.666666666666668,17.333333333333332,17.333333333333332,17.666666666666668,11.4,9.833333333333334,8.666666666666666,11.4,11.4,18.0,13.666666666666666,8.5,8.25,6.0,6.25,4.2,0.0,0.0,0.0,0.0,0.0,0.0,0.0,0.0,0.0,0.0,0.0,0.0,0.0
0.0,0.0,0.0,0.0,0.0,0.0,0.0,0.0,0.0,0.0,0.0,0.0,0.0,0.0,0.0,0.0,0.0,0.0,0.0,0.0,0.0,0.0,0.0,0.0,0.0,0.0,0.0,0.0,0.0,18.6,30.0,22.333333333333332,22.0,33.0,30.333333333333332,36.0,28.666666666666668,18.0,17.333333333333332,16.333333333333332,12.0,14.75,10.166666666666666,8.5,10.6,14.25,16.666666666666668,13.666666666666666,10.666666666666666,9.333333333333334,6.333333333333333,3.8,3.3333333333333335,3.3333333333333335,0.0,0.0,0.0,0.0,0.0,0.0,0.0,0.0,0.0,0.0,0.0,0.0
0.0,0.0,0.0,0.0,0.0,0.0,0.0,0.0,0.0,0.0,0.0,0.0,0.0,0.0,0.0,0.0,0.0,0.0,0.0,0.0,0.0,0.0,0.0,0.0,0.0,0.0,0.0,0.0,25.5,27.25,26.75,35.0,19.6,30.333333333333332,29.0,16.333333333333332,24.0,18.0,18.0,13.0,12.75,10.333333333333334,8.0,13.75,14.0,17.0,16.666666666666668,10.0,9.5,5.8,5.0,1.6,3.0,3.75,4.0,0.0,0.0,0.0,0.0,0.0,0.0,0.0,0.0,0.0,0.0,0.0
0.0,0.0,0.0,0.0,0.0,0.0,0.0,0.0,0.0,0.0,0.0,0.0,0.0,0.0,0.0,0.0,0.0,0.0,0.0,0.0,0.0,0.0,0.0,0.0,0.0,0.0,0.0,0.0,27.0,35.333333333333336,35.666666666666664,32.666666666666664,23.75,29.333333333333332,29.333333333333332,16.333333333333332,24.0,12.75,12.75,12.75,12.25,10.6,10.0,11.4,12.5,15.5,16.75,11.4,7.0,10.0,8.0,3.0,3.75,3.5,4.25,0.0,0.0,0.0,0.0,0.0,0.0,0.0,0.0,0.0,0.0,0.0
0.0,0.0,0.0,0.0,0.0,0.0,0.0,0.0,0.0,0.0,0.0,0.0,0.0,0.0,0.0,0.0,0.0,0.0,0.0,0.0,0.0,0.0,0.0,0.0,0.0,0.0,0.0,0.0,27.25,27.25,35.0,31.666666666666668,24.0,29.0,29.0,18.0,13.0,11.2,10.6,13.25,13.0,9.666666666666666,12.8,11.4,9.8,14.75,18.25,16.25,14.5,9.2,7.0,6.0,6.0,4.25,6.0,0.0,0.0,0.0,0.0,0.0,0.0,0.0,0.0,0.0,0.0,0.0
0.0,0.0,0.0,0.0,0.0,0.0,0.0,0.0,0.0,0.0,0.0,0.0,0.0,0.0,0.0,0.0,0.0,0.0,0.0,0.0,0.0,0.0,0.0,0.0,0.0,0.0,0.0,0.0,25.75,25.75,26.0,31.666666666666668,30.666666666666668,28.0,28.666666666666668,18.0,18.333333333333332,12.75,12.75,10.2,13.0,11.2,12.4,11.0,15.0,15.25,13.6,11.166666666666666,10.166666666666666,10.0,11.0,6.0,6.5,4.4,6.0,6.25,0.0,0.0,0.0,0.0,0.0,0.0,0.0,0.0,0.0,0.0
0.0,0.0,0.0,0.0,0.0,0.0,0.0,0.0,0.0,0.0,0.0,0.0,0.0,0.0,0.0,0.0,0.0,0.0,0.0,0.0,0.0,0.0,0.0,0.0,0.0,0.0,0.0,0.0,0.0,33.666666666666664,22.75,29.333333333333332,26.666666666666668,29.333333333333332,23.0,18.333333333333332,18.333333333333332,13.0,25.5,13.0,9.0,13.75,11.4,11.8,11.6,11.6,11.6,10.333333333333334,10.166666666666666,12.0,14.0,15.0,14.0,7.6,8.75,8.0,0.0,0.0,0.0,0.0,0.0,0.0,0.0,0.0,0.0,0.0
0.0,0.0,0.0,0.0,0.0,0.0,0.0,0.0,0.0,0.0,0.0,0.0,0.0,0.0,0.0,0.0,0.0,0.0,0.0,0.0,0.0,0.0,0.0,0.0,0.0,0.0,0.0,0.0,0.0,29.333333333333332,29.333333333333332,29.0,25.0,24.666666666666668,20.0,19.0,19.0,14.25,18.0,25.0,25.0,13.0,13.75,11.2,11.4,11.2,11.6,12.0,10.8,13.75,11.6,16.5,14.75,18.333333333333332,12.75,13.0,13.25,0.0,0.0,0.0,0.0,0.0,0.0,0.0,0.0,0.0
0.0,0.0,0.0,0.0,0.0,0.0,0.0,0.0,0.0,0.0,0.0,0.0,0.0,0.0,0.0,0.0,0.0,0.0,0.0,0.0,0.0,0.0,0.0,0.0,0.0,0.0,0.0,0.0,0.0,0.0,27.666666666666668,27.0,16.6,14.4,11.0,14.2,20.0,19.666666666666668,18.666666666666668,17.666666666666668,18.0,17.0,17.333333333333332,14.5,11.6,12.0,11.8,11.4,12.5,14.0,11.0,13.6,18.0,17.666666666666668,17.666666666666668,18.333333333333332,13.25,0.0,0.0,0.0,0.0,0.0,0.0,0.0,0.0,0.0
0.0,0.0,0.0,0.0,0.0,0.0,0.0,0.0,0.0,0.0,0.0,0.0,0.0,0.0,0.0,0.0,0.0,0.0,0.0,0.0,0.0,0.0,0.0,0.0,0.0,0.0,0.0,0.0,0.0,0.0,27.0,21.75,14.4,15.2,13.166666666666666,14.6,20.666666666666668,21.666666666666668,16.25,11.2,17.666666666666668,17.0,17.333333333333332,13.25,11.4,11.6,12.2,14.25,14.0,14.25,14.0,14.8,15.4,16.0,18.666666666666668,19.333333333333332,19.333333333333332,0.0,0.0,0.0,0.0,0.0,0.0,0.0,0.0,0.0
0.0,0.0,0.0,0.0,0.0,0.0,0.0,0.0,0.0,0.0,0.0,0.0,0.0,0.0,0.0,0.0,0.0,0.0,0.0,0.0,0.0,0.0,0.0,0.0,0.0,0.0,0.0,0.0,0.0,0.0,39.0,26.0,17.25,17.25,17.75,17.5,17.0,16.75,16.0,12.2,13.75,18.333333333333332,17.333333333333332,13.25,9.166666666666666,11.6,12.0,11.8,11.6,20.333333333333332,22.0,13.6,14.2,16.5,15.0,15.0,14.25,18.333333333333332,0.0,0.0,0.0,0.0,0.0,0.0,0.0,0.0
0.0,0.0,0.0,0.0,0.0,0.0,0.0,0.0,0.0,0.0,0.0,0.0,0.0,0.0,0.0,0.0,0.0,0.0,0.0,0.0,0.0,0.0,0.0,0.0,0.0,0.0,0.0,0.0,0.0,0.0,35.333333333333336,0.0,66.0,22.666666666666668,17.25,22.666666666666668,22.333333333333332,17.75,9.571428571428571,12.0,13.75,14.0,13.25,13.25,9.5,11.6,11.8,10.166666666666666,16.25,16.75,16.75,16.5,13.4,11.8,16.25,15.0,14.75,18.666666666666668,0.0,0.0,0.0,0.0,0.0,0.0,0.0,0.0
0.0,0.0,0.0,0.0,0.0,0.0,0.0,0.0,0.0,0.0,0.0,0.0,0.0,0.0,0.0,0.0,0.0,0.0,0.0,0.0,0.0,0.0,0.0,0.0,0.0,0.0,0.0,0.0,0.0,0.0,0.0,0.0,0.0,0.0,21.0,22.0,17.75,14.4,12.0,10.5,13.75,13.75,13.25,13.0,11.0,9.333333333333334,11.6,10.166666666666666,15.5,16.25,16.75,16.25,10.5,10.166666666666666,12.6,9.142857142857142,0.0,0.0,0.0,0.0,0.0,0.0,0.0,0.0,0.0,0.0
0.0,0.0,0.0,0.0,0.0,0.0,0.0,0.0,0.0,0.0,0.0,0.0,0.0,0.0,0.0,0.0,0.0,0.0,0.0,0.0,0.0,0.0,0.0,0.0,0.0,0.0,0.0,0.0,0.0,0.0,0.0,0.0,0.0,0.0,0.0,15.5,13.8,11.0,10.166666666666666,11.8,13.5,13.75,13.0,13.0,11.0,11.0,11.6,12.2,16.25,16.5,12.0,10.666666666666666,10.5,9.0,13.0,11.166666666666666,0.0,0.0,0.0,0.0,0.0,0.0,0.0,0.0,0.0,0.0
0.0,0.0,0.0,0.0,0.0,0.0,0.0,0.0,0.0,0.0,0.0,0.0,0.0,0.0,0.0,0.0,0.0,0.0,0.0,0.0,0.0,0.0,0.0,0.0,0.0,0.0,0.0,0.0,0.0,0.0,0.0,0.0,0.0,0.0,0.0,19.666666666666668,16.25,12.2,11.4,11.4,14.0,13.75,13.25,10.6,10.2,9.333333333333334,10.0,12.4,12.6,11.166666666666666,11.166666666666666,11.333333333333334,16.0,14.75,13.0,12.8,0.0,0.0,0.0,0.0,0.0,0.0,0.0,0.0,0.0,0.0
0.0,0.0,0.0,0.0,0.0,0.0,0.0,0.0,0.0,0.0,0.0,0.0,0.0,0.0,0.0,0.0,0.0,0.0,0.0,0.0,0.0,0.0,0.0,0.0,0.0,0.0,0.0,0.0,0.0,0.0,0.0,0.0,0.0,0.0,0.0,28.5,19.0,13.5,13.75,14.0,14.5,14.0,13.0,10.6,13.0,10.8,8.714285714285714,10.0,11.333333333333334,14.4,14.0,23.0,22.0,16.0,15.25,19.666666666666668,0.0,0.0,0.0,0.0,0.0,0.0,0.0,0.0,0.0,0.0
0.0,0.0,0.0,0.0,0.0,0.0,0.0,0.0,0.0,0.0,0.0,0.0,0.0,0.0,0.0,0.0,0.0,0.0,0.0,0.0,0.0,0.0,0.0,0.0,0.0,0.0,0.0,0.0,0.0,0.0,0.0,0.0,0.0,0.0,0.0,28.0,19.333333333333332,17.666666666666668,13.75,14.5,14.25,14.0,13.75,17.333333333333332,18.333333333333332,14.25,11.6,10.166666666666666,13.6,17.0,23.0,23.0,23.333333333333332,22.666666666666668,15.75,20.333333333333332,0.0,0.0,0.0,0.0,0.0,0.0,0.0,0.0,0.0,0.0
0.0,0.0,0.0,0.0,0.0,0.0,0.0,0.0,0.0,0.0,0.0,0.0,0.0,0.0,0.0,0.0,0.0,0.0,0.0,0.0,0.0,0.0,0.0,0.0,0.0,0.0,0.0,0.0,0.0,0.0,0.0,0.0,0.0,0.0,0.0,28.0,19.333333333333332,19.0,13.75,18.666666666666668,18.666666666666668,18.333333333333332,18.666666666666668,11.6,15.25,16.0,11.4,10.166666666666666,16.5,22.666666666666668,23.0,23.0,23.0,23.0,22.0,31.5,20.333333333333332,0.0,0.0,0.0,0.0,0.0,0.0,0.0,0.0,0.0
0.0,0.0,0.0,0.0,0.0,0.0,0.0,0.0,0.0,0.0,0.0,0.0,0.0,0.0,0.0,0.0,0.0,0.0,0.0,0.0,0.0,0.0,0.0,0.0,0.0,0.0,0.0,0.0,0.0,0.0,0.0,0.0,16.5,16.5,0.0,28.0,28.0,19.0,17.666666666666668,20.0,20.0,13.75,20.666666666666668,15.75,14.5,11.0,22.333333333333332,22.0,12.8,16.5,22.666666666666668,22.333333333333332,22.666666666666668,22.666666666666668,16.75,32.5,0.0,0.0,0.0,0.0,0.0,0.0,0.0,0.0,0.0,0.0
0.0,0.0,0.0,0.0,0.0,0.0,0.0,0.0,0.0,0.0,0.0,0.0,0.0,0.0,0.0,0.0,0.0,0.0,0.0,0.0,0.0,0.0,0.0,0.0,0.0,0.0,0.0,0.0,0.0,0.0,0.0,0.0,11.666666666666666,0.0,0.0,0.0,26.5,28.0,19.0,18.333333333333332,19.0,20.666666666666668,15.75,15.5,12.0,11.6,22.333333333333332,21.333333333333332,12.2,15.0,15.25,19.666666666666668,22.0,22.0,33.0,22.333333333333332,0.0,0.0,0.0,0.0,0.0,0.0,0.0,0.0,0.0,0.0
0.0,0.0,0.0,0.0,0.0,0.0,0.0,0.0,0.0,0.0,0.0,0.0,0.0,0.0,0.0,0.0,0.0,0.0,0.0,0.0,0.0,0.0,0.0,0.0,0.0,0.0,0.0,0.0,0.0,0.0,0.0,0.0,21.666666666666668,21.666666666666668,28.5,26.0,25.0,27.0,18.666666666666668,19.666666666666668,20.333333333333332,20.666666666666668,15.25,15.75,16.75,16.5,22.0,14.0,18.0,16.75,14.25,16.5,17.5,32.5,33.0,33.5,0.0,0.0,0.0,0.0,0.0,0.0,0.0,0.0,0.0,0.0
0.0,0.0,0.0,0.0,0.0,0.0,0.0,0.0,0.0,0.0,0.0,0.0,0.0,0.0,0.0,0.0,0.0,0.0,0.0,0.0,0.0,0.0,0.0,0.0,0.0,0.0,0.0,0.0,0.0,0.0,0.0,0.0,22.333333333333332,23.0,31.5,25.5,16.333333333333332,26.0,17.0,19.666666666666668,20.0,21.0,20.666666666666668,12.6,13.4,21.333333333333332,16.25,15.4,17.75,18.25,14.25,17.0,24.0,23.0,23.0,33.5,34.0,34.0,0.0,0.0,0.0,0.0,0.0,0.0,0.0,0.0
0.0,0.0,0.0,0.0,0.0,0.0,0.0,0.0,0.0,0.0,0.0,0.0,0.0,0.0,0.0,0.0,0.0,0.0,0.0,0.0,0.0,0.0,0.0,0.0,0.0,0.0,0.0,0.0,0.0,0.0,0.0,22.666666666666668,23.0,32.0,31.5,25.5,24.0,18.0,18.0,21.0,23.333333333333332,24.0,25.0,21.666666666666668,22.0,22.0,16.25,14.6,17.0,11.8,17.25,17.25,24.0,23.0,12.6,12.4,19.666666666666668,16.0,0.0,0.0,0.0,0.0,0.0,0.0,0.0,0.0
0.0,0.0,0.0,0.0,0.0,0.0,0.0,0.0,0.0,0.0,0.0,0.0,0.0,0.0,0.0,0.0,0.0,0.0,0.0,0.0,0.0,0.0,0.0,0.0,0.0,0.0,0.0,0.0,0.0,0.0,31.0,32.5,32.5,21.0,30.5,24.5,16.0,16.333333333333332,20.0,24.0,24.0,24.0,23.0,21.666666666666668,22.333333333333332,22.0,21.333333333333332,13.0,13.6,16.0,23.333333333333332,24.0,14.5,14.0,15.0,15.25,19.666666666666668,14.25,0.0,0.0,0.0,0.0,0.0,0.0,0.0,0.0
0.0,0.0,0.0,0.0,0.0,0.0,0.0,0.0,0.0,0.0,0.0,0.0,0.0,0.0,0.0,0.0,0.0,0.0,0.0,0.0,0.0,0.0,0.0,0.0,0.0,0.0,0.0,0.0,0.0,0.0,21.0,21.0,31.0,30.5,30.0,25.5,16.666666666666668,17.666666666666668,21.0,25.0,25.666666666666668,24.333333333333332,18.5,16.0,21.666666666666668,22.0,19.666666666666668,14.5,14.75,15.25,13.6,15.75,14.2,17.666666666666668,17.666666666666668,17.0,15.666666666666666,15.0,0.0,0.0,0.0,0.0,0.0,0.0,0.0,0.0
0.0,0.0,0.0,0.0,0.0,0.0,0.0,0.0,0.0,0.0,0.0,0.0,0.0,0.0,0.0,0.0,0.0,0.0,0.0,0.0,0.0,0.0,0.0,0.0,0.0,0.0,0.0,0.0,0.0,30.0,21.0,31.0,31.0,30.5,27.5,18.333333333333332,18.333333333333332,18.0,20.666666666666668,21.0,21.333333333333332,22.333333333333332,21.333333333333332,13.4,15.75,17.75,21.0,12.5,10.4,14.4,15.2,15.4,15.5,13.0,17.666666666666668,17.0,15.333333333333334,12.0,0.0,0.0,0.0,0.0,0.0,0.0,0.0,0.0
0.0,0.0,0.0,0.0,0.0,0.0,0.0,0.0,0.0,0.0,0.0,0.0,0.0,0.0,0.0,0.0,0.0,0.0,0.0,0.0,0.0,0.0,0.0,0.0,0.0,0.0,0.0,0.0,23.5,30.0,32.0,31.0,30.5,28.0,18.0,18.0,18.333333333333332,17.333333333333332,18.333333333333332,11.8,13.75,14.5,13.8,13.4,14.0,16.0,17.0,11.8,10.0,15.4,15.2,15.0,15.5,17.666666666666668,17.666666666666668,17.0,15.333333333333334,17.0,9.0,0.0,0.0,0.0,0.0,0.0,0.0,0.0
0.0,0.0,0.0,0.0,0.0,0.0,0.0,0.0,0.0,0.0,0.0,0.0,0.0,0.0,0.0,0.0,0.0,0.0,0.0,0.0,0.0,0.0,0.0,0.0,0.0,0.0,0.0,24.0,22.0,30.0,21.0,30.5,27.0,26.5,18.0,18.0,17.666666666666668,17.666666666666668,17.333333333333332,18.0,13.25,13.75,12.0,14.2,14.4,17.0,12.75,12.0,11.2,16.75,16.5,15.2,14.6,17.333333333333332,17.333333333333332,15.25,15.666666666666666,12.0,16.666666666666668,12.5,0.0,0.0,0.0,0.0,0.0,0.0
0.0,0.0,0.0,0.0,0.0,0.0,0.0,0.0,0.0,0.0,0.0,0.0,0.0,0.0,0.0,0.0,0.0,0.0,0.0,0.0,0.0,0.0,0.0,0.0,0.0,0.0,0.0,24.0,24.0,16.666666666666668,28.0,27.5,26.5,14.0,13.25,11.0,18.0,17.333333333333332,17.666666666666668,18.0,17.0,13.25,11.0,10.833333333333334,11.333333333333334,11.0,14.75,13.8,17.0,12.6,13.2,15.2,15.2,15.5,15.5,15.0,19.666666666666668,14.25,9.666666666666666,10.5,10.666666666666666,0.0,0.0,0.0,0.0,0.0
0.0,0.0,0.0,0.0,0.0,0.0,0.0,0.0,0.0,0.0,0.0,0.0,0.0,0.0,0.0,0.0,0.0,0.0,0.0,0.0,0.0,0.0,0.0,0.0,0.0,15.75,11.4,26.0,26.0,18.0,18.666666666666668,27.0,18.333333333333332,18.333333333333332,17.333333333333332,11.0,16.666666666666668,17.333333333333332,17.333333333333332,18.0,17.0,13.0,15.2,11.833333333333334,11.4,8.833333333333334,10.5,9.857142857142858,13.0,10.833333333333334,10.833333333333334,12.666666666666666,15.4,20.5,30.5,34.5,15.75,14.25,15.5,12.8,12.6,0.0,0.0,0.0,0.0,0.0
0.0,0.0,0.0,0.0,0.0,0.0,0.0,0.0,0.0,0.0,0.0,0.0,0.0,0.0,0.0,0.0,0.0,0.0,0.0,0.0,0.0,0.0,0.0,0.0,10.0,13.4,12.8,25.5,26.0,18.0,18.666666666666668,18.333333333333332,27.0,18.666666666666668,17.666666666666668,17.666666666666668,16.666666666666668,17.0,17.333333333333332,17.0,17.0,10.6,12.166666666666666,12.166666666666666,12.0,8.333333333333334,10.666666666666666,11.166666666666666,12.5,10.571428571428571,10.571428571428571,12.666666666666666,16.8,20.5,34.0,34.0,34.0,34.0,24.333333333333332,18.0,0.0,0.0,0.0,0.0,0.0,0.0
0.0,0.0,0.0,0.0,0.0,0.0,0.0,0.0,0.0,0.0,0.0,0.0,0.0,0.0,0.0,0.0,0.0,0.0,0.0,0.0,0.0,0.0,19.5,17.0,16.333333333333332,15.666666666666666,17.666666666666668,25.5,26.0,18.0,18.333333333333332,18.666666666666668,28.0,28.0,28.0,18.333333333333332,17.0,25.0,13.75,8.285714285714286,12.0,15.25,11.166666666666666,12.166666666666666,9.833333333333334,10.6,23.0,17.0,13.2,13.6,15.0,15.4,16.0,23.0,23.0,23.0,34.5,24.333333333333332,24.333333333333332,0.0,0.0,0.0,0.0,0.0,0.0,0.0
0.0,0.0,0.0,0.0,0.0,0.0,0.0,0.0,0.0,0.0,0.0,0.0,0.0,0.0,0.0,0.0,0.0,0.0,0.0,0.0,0.0,19.5,19.5,17.0,16.0,16.0,17.333333333333332,25.5,26.0,18.0,18.0,26.5,29.0,15.0,20.666666666666668,15.75,19.666666666666668,18.0,9.125,9.571428571428571,10.166666666666666,15.25,11.0,9.0,13.8,18.666666666666668,15.75,18.0,24.0,23.333333333333332,32.5,32.5,33.0,34.0,23.0,17.75,23.333333333333332,24.333333333333332,24.333333333333332,0.0,0.0,0.0,0.0,0.0,0.0,0.0
0.0,0.0,0.0,0.0,0.0,0.0,0.0,0.0,0.0,0.0,0.0,0.0,0.0,0.0,0.0,0.0,0.0,0.0,0.0,0.0,0.0,19.0,9.75,14.333333333333334,22.5,23.0,25.0,25.5,26.0,26.0,18.333333333333332,17.666666666666668,27.5,18.0,31.0,41.5,23.333333333333332,17.0,12.857142857142858,13.0,10.4,7.285714285714286,11.0,9.0,18.6,11.4,19.666666666666668,28.5,32.5,32.5,32.5,32.5,33.0,22.333333333333332,34.0,34.0,18.5,17.75,0.0,0.0,0.0,0.0,0.0,0.0,0.0,0.0
0.0,0.0,0.0,0.0,0.0,0.0,0.0,0.0,0.0,0.0,0.0,0.0,0.0,0.0,0.0,0.0,0.0,0.0,0.0,0.0,19.25,10.0,12.0,8.0,23.0,24.5,18.333333333333332,25.5,26.0,17.0,25.0,26.5,27.5,26.5,31.5,21.75,18.25,17.5,12.0,18.571428571428573,10.333333333333334,12.5,7.571428571428571,12.2,11.0,12.0,19.333333333333332,20.666666666666668,32.0,32.5,32.5,32.5,33.0,22.333333333333332,34.0,23.333333333333332,23.333333333333332,23.333333333333332,18.25,0.0,0.0,0.0,0.0,0.0,0.0,0.0
0.0,0.0,0.0,0.0,0.0,0.0,0.0,0.0,0.0,0.0,0.0,0.0,0.0,11.166666666666666,0.0,0.0,0.0,0.0,0.0,19.25,14.666666666666666,11.666666666666666,8.75,11.666666666666666,16.0,15.666666666666666,25.5,25.5,17.0,17.0,25.0,26.0,27.0,28.5,32.0,16.8,18.25,18.5,17.5,9.285714285714286,15.0,12.2,8.0,13.4,13.4,12.4,16.5,32.0,32.0,32.0,32.0,32.5,32.5,22.333333333333332,23.0,23.0,23.0,24.0,24.333333333333332,20.2,0.0,0.0,0.0,0.0,0.0,0.0
0.0,0.0,0.0,0.0,0.0,0.0,0.0,0.0,0.0,0.0,0.0,0.0,0.0,0.0,25.333333333333332,0.0,0.0,0.0,26.0,0.0,17.666666666666668,18.5,10.666666666666666,11.666666666666666,9.4,9.0,25.5,25.5,17.0,16.666666666666668,16.333333333333332,25.0,26.5,28.5,38.0,25.333333333333332,19.333333333333332,17.0,13.6,19.75,16.25,13.6,12.8,9.833333333333334,10.142857142857142,16.5,17.25,20.666666666666668,30.5,21.666666666666668,21.666666666666668,32.0,22.0,23.0,23.0,17.5,17.5,25.0,31.333333333333332,25.0,24.5,32.666666666666664,0.0,0.0,0.0,0.0
0.0,0.0,0.0,0.0,0.0,0.0,0.0,0.0,0.0,0.0,0.0,14.0,0.0,0.0,25.333333333333332,0.0,25.666666666666668,26.0,25.333333333333332,18.5,24.0,11.5,14.5,11.666666666666666,7.0,8.8,14.0,25.5,26.0,17.333333333333332,17.333333333333332,17.666666666666668,17.666666666666668,28.0,28.0,19.333333333333332,19.333333333333332,14.5,11.8,14.5,17.5,12.5,14.0,15.0,17.2,17.5,15.25,21.0,10.166666666666666,21.333333333333332,11.833333333333334,22.666666666666668,17.25,23.0,18.5,18.5,18.5,23.0,22.5,46.0,11.75,11.25,22.75,0.0,0.0,0.0
0.0,0.0,0.0,0.0,0.0,0.0,0.0,0.0,0.0,0.0,0.0,0.0,0.0,0.0,25.333333333333332,25.0,24.333333333333332,19.25,19.25,19.0,19.0,14.666666666666666,8.75,8.0,7.8,9.5,10.25,15.0,27.0,27.0,27.0,27.0,27.5,27.5,28.0,28.5,18.25,14.2,9.428571428571429,15.5,17.25,17.25,14.4,13.8,16.25,13.6,22.333333333333332,21.666666666666668,22.333333333333332,7.75,9.666666666666666,10.5,13.6,15.0,11.2,18.75,18.5,25.5,33.333333333333336,16.4,12.0,9.4,46.5,32.25,43.333333333333336,0.0
0.0,0.0,0.0,0.0,0.0,0.0,0.0,0.0,0.0,0.0,0.0,0.0,0.0,0.0,27.333333333333332,19.5,19.25,9.4,10.4,11.0,10.75,10.0,7.166666666666667,6.375,7.0,12.333333333333334,8.8,11.25,15.666666666666666,27.0,27.0,28.0,28.0,28.0,28.0,17.0,13.0,5.0,4.666666666666667,13.75,13.75,16.0,15.0,11.0,9.5,16.0,22.333333333333332,16.0,12.8,8.285714285714286,7.777777777777778,9.428571428571429,14.8,19.6,19.4,18.666666666666668,13.833333333333334,20.0,33.5,33.5,21.75,44.333333333333336,33.25,44.0,42.333333333333336,0.0
0.0,0.0,0.0,0.0,0.0,0.0,0.0,0.0,0.0,0.0,0.0,0.0,16.0,16.333333333333332,18.0,18.6,11.5,10.6,11.0,8.8,8.8,9.75,6.833333333333333,6.666666666666667,9.5,14.0,16.333333333333332,12.75,13.75,14.0,18.0,33.5,19.0,18.333333333333332,14.666666666666666,17.5,17.0,6.333333333333333,7.4,10.0,21.0,13.0,11.333333333333334,15.5,13.5,11.4,22.333333333333332,13.0,21.5,17.6,9.285714285714286,10.571428571428571,15.285714285714286,22.6,19.0,17.428571428571427,20.857142857142858,20.285714285714285,22.666666666666668,33.25,44.333333333333336,32.0,65.5,33.25,42.333333333333336,42.666666666666664
0.0,0.0,0.0,0.0,0.0,0.0,0.0,0.0,0.0,0.0,0.0,0.0,0.0,18.0,18.6,20.6,9.285714285714286,15.666666666666666,9.8,8.2,7.5,17.5,11.0,13.666666666666666,15.6,15.0,15.0,12.75,13.75,19.666666666666668,25.0,19.0,23.5,16.666666666666668,21.0,18.0,17.5,18.0,11.25,11.4,12.2,19.5,14.8,15.75,14.25,15.25,17.25,20.4,12.571428571428571,18.2,13.857142857142858,13.5,24.0,35.0,28.8,31.4,14.375,20.142857142857142,27.0,27.0,26.2,42.333333333333336,42.333333333333336,32.25,31.75,42.333333333333336
0.0,0.0,0.0,0.0,0.0,0.0,0.0,0.0,0.0,0.0,0.0,0.0,0.0,24.75,24.0,24.0,9.666666666666666,16.0,15.333333333333334,11.0,10.75,10.75,15.333333333333334,18.5,17.0,26.333333333333332,16.333333333333332,13.75,15.0,15.25,14.25,24.5,24.5,23.0,21.0,15.666666666666666,25.5,11.2,12.6,13.4,11.4,13.4,27.333333333333332,10.166666666666666,14.25,12.8,18.0,18.4,14.5,18.6,14.142857142857142,18.0,28.8,28.8,18.666666666666668,24.6,17.142857142857142,23.833333333333332,26.6,44.0,43.333333333333336,42.333333333333336,31.25,31.25,41.333333333333336,41.333333333333336
0.0,0.0,0.0,0.0,0.0,0.0,0.0,0.0,0.0,0.0,0.0,0.0,0.0,24.75,24.5,23.25,13.25,19.0,15.666666666666666,13.333333333333334,11.25,13.0,14.333333333333334,15.6,19.0,19.5,12.75,19.0,16.75,16.0,18.333333333333332,18.0,22.0,21.0,14.0,24.0,17.333333333333332,20.333333333333332,14.4,14.6,16.25,16.0,13.4,14.75,15.6,15.8,16.2,16.2,14.833333333333334,18.6,19.6,16.666666666666668,21.0,15.428571428571429,15.714285714285714,29.0,22.4,44.666666666666664,43.0,43.666666666666664,42.666666666666664,42.333333333333336,31.25,31.0,41.0,31.0
0.0,0.0,0.0,0.0,0.0,0.0,0.0,0.0,0.0,0.0,0.0,0.0,0.0,24.75,24.5,35.666666666666664,13.75,16.666666666666668,23.5,21.5,21.5,22.0,15.0,15.333333333333334,19.5,10.0,13.25,16.75,17.25,16.25,19.0,16.333333333333332,22.5,21.0,21.5,16.333333333333332,16.333333333333332,10.0,14.0,22.0,19.333333333333332,12.2,14.25,17.5,15.666666666666666,13.833333333333334,16.4,16.6,17.4,17.4,16.166666666666668,10.555555555555555,17.666666666666668,18.333333333333332,16.0,19.5,27.5,46.0,43.333333333333336,42.333333333333336,25.2,31.0,30.6,25.666666666666668,38.25,38.0
0.0,0.0,0.0,0.0,0.0,0.0,0.0,0.0,0.0,0.0,0.0,0.0,0.0,24.75,32.333333333333336,32.666666666666664,15.25,16.333333333333332,24.0,21.0,21.0,20.5,10.25,11.0,9.6,9.8,10.4,16.0,10.142857142857142,14.2,19.333333333333332,17.0,15.666666666666666,22.5,13.0,9.2,23.25,14.666666666666666,14.0,18.0,15.5,14.75,15.5,14.2,20.8,14.166666666666666,14.333333333333334,20.75,17.0,14.5,15.666666666666666,12.375,13.857142857142858,19.571428571428573,17.666666666666668,21.8,29.2,24.333333333333332,23.166666666666668,38.5,38.5,38.25,25.5,37.25,37.25,0.0
0.0,0.0,0.0,0.0,0.0,0.0,0.0,0.0,0.0,0.0,0.0,0.0,0.0,24.75,30.333333333333332,24.75,16.75,12.75,15.666666666666666,14.666666666666666,21.0,14.666666666666666,8.4,15.0,11.75,11.75,11.0,15.0,14.4,12.666666666666666,22.666666666666668,22.0,17.333333333333332,16.0,21.0,7.285714285714286,21.75,18.6,17.0,18.666666666666668,16.0,16.75,14.4,12.0,15.666666666666666,14.166666666666666,14.5,17.4,17.4,17.8,17.6,15.5,13.571428571428571,12.0,22.2,17.5,30.0,24.714285714285715,23.571428571428573,40.25,38.25,38.5,38.0,37.5,38.0,0.0
0.0,0.0,0.0,0.0,0.0,0.0,0.0,0.0,0.0,0.0,0.0,0.0,0.0,24.75,32.666666666666664,33.666666666666664,17.0,13.0,15.333333333333334,14.666666666666666,22.5,15.0,15.333333333333334,23.0,9.6,10.5,12.75,11.4,10.285714285714286,14.8,22.666666666666668,22.333333333333332,14.5,16.666666666666668,14.333333333333334,8.6,19.75,28.333333333333332,28.333333333333332,18.25,20.0,19.75,14.8,11.333333333333334,10.666666666666666,14.5,17.6,17.6,17.4,14.166666666666666,10.166666666666666,14.2,14.0,27.2,29.2,22.8,22.333333333333332,24.428571428571427,23.857142857142858,27.833333333333332,26.0,30.8,31.2,31.2,0.0,0.0
0.0,0.0,0.0,0.0,0.0,0.0,0.0,0.0,0.0,0.0,0.0,0.0,0.0,21.8,28.5,28.666666666666668,24.666666666666668,22.333333333333332,24.0,15.666666666666666,23.0,15.333333333333334,12.25,12.25,12.75,6.875,10.166666666666666,11.0,13.2,13.0,22.0,16.0,10.6,18.5,22.0,10.5,23.333333333333332,29.666666666666668,22.75,23.0,25.5,20.0,17.5,14.4,19.2,12.857142857142858,21.75,21.5,22.0,21.5,16.75,21.666666666666668,33.333333333333336,32.0,34.25,28.4,20.666666666666668,23.285714285714285,23.428571428571427,32.2,31.6,39.5,38.75,39.0,0.0,0.0
0.0,0.0,0.0,0.0,0.0,0.0,0.0,0.0,0.0,0.0,0.0,0.0,0.0,0.0,24.0,19.5,31.0,36.5,33.5,29.5,20.666666666666668,21.0,21.0,13.5,9.0,15.0,7.25,12.8,17.75,29.333333333333332,29.333333333333332,14.5,13.333333333333334,18.0,22.0,9.8,12.0,24.75,25.0,25.0,26.25,21.5,18.5,12.8,19.8,18.0,22.25,21.0,21.75,21.25,17.0,16.75,30.75,33.5,34.0,27.0,26.0,26.333333333333332,32.8,25.8,41.0,31.75,32.2,0.0,0.0,0.0
0.0,0.0,0.0,0.0,0.0,0.0,0.0,0.0,0.0,0.0,0.0,0.0,0.0,21.2,18.333333333333332,21.5,22.333333333333332,40.0,20.75,19.0,17.75,13.4,14.0,12.0,14.0,13.5,9.5,15.25,28.666666666666668,28.333333333333332,28.333333333333332,25.666666666666668,13.5,14.5,12.666666666666666,10.8,14.0,14.5,18.0,18.8,19.2,17.75,11.166666666666666,9.5,15.333333333333334,30.0,18.0,22.75,22.25,27.666666666666668,29.666666666666668,44.0,33.25,27.0,28.0,23.0,27.333333333333332,31.6,26.2,31.75,31.0,25.6,0.0,0.0,0.0,0.0
0.0,0.0,0.0,0.0,0.0,0.0,0.0,0.0,0.0,0.0,0.0,0.0,0.0,21.2,21.2,14.8,13.833333333333334,16.4,13.571428571428571,12.428571428571429,16.6,21.333333333333332,14.25,21.0,21.0,15.666666666666666,13.5,14.75,25.333333333333332,16.5,13.4,19.25,8.8,12.0,17.0,13.333333333333334,13.5,10.8,13.75,14.5,13.0,15.833333333333334,15.833333333333334,14.166666666666666,21.25,30.333333333333332,29.666666666666668,29.666666666666668,29.333333333333332,29.333333333333332,31.333333333333332,45.333333333333336,34.0,26.6,19.142857142857142,17.875,18.375,19.285714285714285,26.6,26.0,25.6,26.4,0.0,0.0,0.0,0.0
0.0,0.0,0.0,0.0,0.0,0.0,0.0,0.0,0.0,0.0,0.0,0.0,0.0,0.0,23.0,22.6,16.0,16.0,20.75,21.25,14.4,22.333333333333332,36.0,32.5,21.333333333333332,18.0,15.333333333333334,11.75,11.0,14.0,12.0,9.833333333333334,14.0,9.5,18.5,9.5,15.333333333333334,12.75,13.75,12.2,14.5,13.833333333333334,19.0,16.4,19.75,30.0,29.0,28.333333333333332,42.5,29.666666666666668,29.333333333333332,32.333333333333336,32.0,19.857142857142858,16.22222222222222,20.428571428571427,20.0,18.0,21.833333333333332,21.833333333333332,26.6,0.0,0.0,0.0,0.0,0.0
0.0,0.0,0.0,0.0,0.0,0.0,0.0,0.0,0.0,0.0,0.0,0.0,0.0,0.0,22.2,15.0,14.6,18.25,20.75,21.0,13.0,21.333333333333332,16.25,32.5,22.0,31.0,18.333333333333332,9.4,8.0,7.0,6.833333333333333,8.333333333333334,10.5,8.6,9.5,12.0,12.333333333333334,12.333333333333334,10.666666666666666,12.8,27.0,16.8,20.75,20.75,18.4,22.75,29.0,42.0,42.0,29.0,28.0,23.75,32.5,26.0,28.2,21.0,21.142857142857142,17.125,19.571428571428573,22.333333333333332,0.0,0.0,0.0,0.0,0.0,0.0
0.0,0.0,0.0,0.0,0.0,0.0,0.0,0.0,0.0,0.0,0.0,0.0,0.0,0.0,18.0,15.25,13.6,18.0,19.25,16.0,10.857142857142858,21.0,28.0,33.0,23.0,21.0,18.333333333333332,12.0,10.25,14.666666666666666,16.0,8.166666666666666,11.5,8.8,9.75,9.25,10.5,9.5,17.75,21.75,20.25,16.6,27.0,21.6,17.4,22.5,42.0,41.5,41.5,30.0,40.666666666666664,33.5,31.25,41.0,16.875,15.333333333333334,19.142857142857142,16.75,15.428571428571429,0.0,0.0,0.0,0.0,0.0,0.0,0.0
0.0,0.0,0.0,0.0,0.0,0.0,0.0,0.0,0.0,0.0,0.0,0.0,0.0,15.6,11.666666666666666,15.25,13.0,18.25,20.75,23.75,22.0,21.333333333333332,20.666666666666668,21.0,31.5,31.5,20.333333333333332,17.666666666666668,17.666666666666668,15.666666666666666,11.5,8.166666666666666,11.5,9.0,10.5,10.5,12.5,26.0,16.5,8.0,17.0,20.6,25.75,16.8,26.0,27.0,41.0,40.5,42.0,22.5,25.0,40.25,25.0,24.8,21.166666666666668,18.428571428571427,21.5,22.166666666666668,19.142857142857142,0.0,0.0,0.0,0.0,0.0,0.0,0.0
0.0,0.0,0.0,0.0,0.0,0.0,0.0,0.0,0.0,0.0,0.0,0.0,0.0,0.0,13.2,15.25,13.8,18.75,23.0,17.2,22.0,22.333333333333332,21.333333333333332,21.666666666666668,31.5,31.0,18.333333333333332,17.666666666666668,14.25,14.5,11.5,10.25,11.5,9.0,16.666666666666668,16.333333333333332,14.666666666666666,14.666666666666666,11.0,11.25,17.5,29.25,22.2,16.571428571428573,25.666666666666668,26.0,40.5,41.0,47.0,50.5,32.75,25.8,41.333333333333336,31.5,21.333333333333332,26.0,26.2,22.0,0.0,0.0,0.0,0.0,0.0,0.0,0.0,0.0
0.0,0.0,0.0,0.0,0.0,0.0,0.0,0.0,0.0,0.0,0.0,0.0,0.0,0.0,13.6,13.0,14.0,16.6,19.0,17.2,18.0,22.333333333333332,21.333333333333332,22.0,28.0,27.5,15.333333333333334,11.2,14.0,15.25,17.0,12.0,13.0,8.8,16.666666666666668,16.333333333333332,12.75,13.8,15.333333333333334,20.0,16.6,16.833333333333332,20.0,16.4,26.666666666666668,28.0,27.666666666666668,41.5,25.75,34.25,32.0,40.333333333333336,20.5,31.25,31.75,25.8,25.4,19.8,0.0,0.0,0.0,0.0,0.0,0.0,0.0,0.0
0.0,0.0,0.0,0.0,0.0,0.0,0.0,0.0,0.0,0.0,0.0,0.0,0.0,24.8,20.8,16.8,20.5,20.75,17.8,17.2,13.333333333333334,19.666666666666668,28.0,29.5,22.5,15.666666666666666,16.0,12.0,16.666666666666668,17.5,9.0,17.5,12.8,10.8,16.666666666666668,12.5,12.75,12.5,16.333333333333332,20.5,15.4,13.0,15.0,16.0,27.0,28.333333333333332,28.333333333333332,25.5,33.0,32.25,40.333333333333336,31.75,31.75,45.0,31.25,30.5,19.0,0.0,0.0,0.0,0.0,0.0,0.0,0.0,0.0,0.0
0.0,0.0,0.0,0.0,0.0,0.0,0.0,0.0,0.0,0.0,0.0,0.0,0.0,0.0,23.8,13.285714285714286,20.75,21.75,22.0,21.0,13.833333333333334,16.0,28.0,26.5,16.0,16.0,15.666666666666666,22.0,15.666666666666666,17.5,21.5,14.0,19.5,15.6,10.8,12.75,13.25,13.0,15.6,20.5,13.333333333333334,13.5,13.0,20.25,27.666666666666668,21.5,21.0,23.75,30.75,60.0,60.0,33.75,34.25,45.0,43.333333333333336,43.0,0.0,0.0,0.0,0.0,0.0,0.0,0.0,0.0,0.0,0.0
0.0,0.0,0.0,0.0,0.0,0.0,0.0,0.0,0.0,0.0,0.0,0.0,0.0,19.571428571428573,22.166666666666668,20.75,20.75,21.0,15.333333333333334,14.0,13.5,15.25,26.5,26.5,26.5,12.0,11.75,22.5,18.0,19.0,20.0,19.25,14.0,12.142857142857142,11.2,12.8,18.0,16.2,13.6,16.4,14.333333333333334,19.6,18.4,29.666666666666668,22.5,17.6,21.25,19.6,31.25,32.75,43.666666666666664,44.0,44.333333333333336,44.333333333333336,43.333333333333336,0.0,0.0,0.0,0.0,0.0,0.0,0.0,0.0,0.0,0.0,0.0
0.0,0.0,0.0,0.0,0.0,0.0,0.0,0.0,0.0,0.0,0.0,0.0,0.0,19.5,16.857142857142858,24.25,16.8,12.833333333333334,17.5,10.857142857142858,6.777777777777778,11.25,13.333333333333334,26.5,28.0,28.0,27.5,14.0,17.0,15.0,15.75,13.6,14.0,9.125,13.0,21.0,14.5,13.0,15.333333333333334,14.5,27.75,29.75,26.75,23.25,21.5,18.8,18.0,20.4,26.4,32.25,43.0,42.333333333333336,44.0,44.333333333333336,0.0,0.0,0.0,0.0,0.0,0.0,0.0,0.0,0.0,0.0,0.0,0.0
0.0,0.0,0.0,0.0,0.0,0.0,0.0,0.0,0.0,0.0,0.0,0.0,16.571428571428573,16.0,16.571428571428573,16.0,16.0,14.2,13.4,7.25,8.833333333333334,13.666666666666666,13.666666666666666,26.0,28.0,29.0,16.5,15.5,18.333333333333332,15.0,13.0,13.4,17.8,12.285714285714286,10.6,15.333333333333334,24.25,14.571428571428571,15.833333333333334,18.75,23.25,24.5,26.5,32.666666666666664,31.0,17.6,18.4,16.666666666666668,27.25,26.8,26.6,25.4,33.25,0.0,0.0,0.0,0.0,0.0,0.0,0.0,0.0,0.0,0.0,0.0,0.0,0.0
0.0,0.0,0.0,0.0,0.0,0.0,0.0,0.0,0.0,0.0,0.0,0.0,24.166666666666668,32.0,17.428571428571427,10.222222222222221,11.833333333333334,13.8,15.6,7.857142857142857,15.333333333333334,20.0,13.666666666666666,26.5,13.75,33.5,15.6,22.0,29.5,11.6,15.5,13.4,13.166666666666666,8.5,15.2,16.875,15.5,17.8,14.6,24.666666666666668,25.666666666666668,21.5,33.0,30.666666666666668,30.333333333333332,22.75,18.4,15.571428571428571,22.8,16.0,25.2,23.0,27.6,0.0,0.0,0.0,0.0,0.0,0.0,0.0,0.0,0.0,0.0,0.0,0.0,0.0
0.0,0.0,0.0,0.0,0.0,0.0,0.0,0.0,0.0,0.0,0.0,31.4,28.0,33.0,20.166666666666668,8.818181818181818,14.4,14.2,8.75,8.0,15.666666666666666,18.0,20.5,28.0,31.0,34.5,18.25,18.25,17.25,16.5,13.2,11.5,13.6,11.5,14.428571428571429,11.3,15.142857142857142,13.0,17.0,23.0,14.666666666666666,14.0,21.25,23.5,23.0,24.0,20.8,29.0,28.0,19.8,17.666666666666668,0.0,0.0,0.0,0.0,0.0,0.0,0.0,0.0,0.0,0.0,0.0,0.0,0.0,0.0,0.0
0.0,0.0,0.0,0.0,0.0,0.0,0.0,0.0,0.0,0.0,14.555555555555555,0.0,20.666666666666668,21.333333333333332,15.625,11.11111111111111,13.833333333333334,14.0,14.0,9.5,16.0,21.0,21.0,15.333333333333334,32.0,21.333333333333332,15.0,25.666666666666668,16.0,22.2,15.0,13.5,13.0,14.0,12.5,10.857142857142858,12.375,24.5,16.6,15.0,20.0,12.25,15.0,22.25,22.5,24.0,32.666666666666664,28.5,28.5,28.75,24.4,0.0,0.0,0.0,0.0,0.0,0.0,0.0,0.0,0.0,0.0,0.0,0.0,0.0,0.0,0.0
0.0,0.0,0.0,0.0,0.0,0.0,0.0,0.0,0.0,0.0,0.0,19.666666666666668,24.8,14.222222222222221,25.5,15.5,13.857142857142858,12.0,12.333333333333334,12.2,10.6,21.0,21.0,16.666666666666668,31.5,15.6,16.333333333333332,19.2,17.833333333333332,20.0,21.25,29.0,15.0,14.8,14.4,9.125,15.0,25.25,24.5,16.6,14.4,14.833333333333334,18.2,21.75,24.0,26.75,24.4,18.571428571428573,20.833333333333332,18.833333333333332,0.0,0.0,0.0,0.0,0.0,0.0,0.0,0.0,0.0,0.0,0.0,0.0,0.0,0.0,0.0,0.0
0.0,0.0,0.0,0.0,0.0,0.0,0.0,0.0,0.0,15.666666666666666,17.5,27.0,29.0,15.714285714285714,24.75,18.8,19.2,13.0,10.222222222222221,15.0,11.8,10.8,14.666666666666666,12.0,21.666666666666668,17.2,22.4,9.777777777777779,23.75,24.5,15.75,18.25,19.25,20.5,22.25,20.8,14.714285714285714,25.25,19.2,18.8,10.285714285714286,17.0,18.25,18.6,24.75,23.75,25.2,33.0,20.5,0.0,0.0,0.0,0.0,0.0,0.0,0.0,0.0,0.0,0.0,0.0,0.0,0.0,0.0,0.0,0.0,0.0
0.0,0.0,0.0,27.4,27.4,27.6,21.2,0.0,0.0,0.0,19.6,0.0,0.0,18.6,17.4,21.2,18.666666666666668,16.285714285714285,14.142857142857142,12.333333333333334,13.0,11.2,10.8,13.0,17.75,16.6,23.0,13.833333333333334,12.666666666666666,17.4,21.0,11.0,18.8,25.25,20.4,20.4,20.6,19.4,19.2,23.5,10.25,10.428571428571429,13.5,22.75,23.0,17.5,18.714285714285715,18.857142857142858,0.0,0.0,0.0,0.0,0.0,0.0,0.0,0.0,0.0,0.0,0.0,0.0,0.0,0.0,0.0,0.0,0.0,0.0
0.0,31.0,27.6,27.4,27.4,27.4,21.4,21.2,0.0,15.833333333333334,17.666666666666668,37.0,27.5,0.0,24.5,25.5,16.857142857142858,11.8,15.833333333333334,11.0,11.5,13.0,9.0,10.8,17.25,23.5,23.5,19.5,13.6,24.333333333333332,21.333333333333332,18.2,23.75,23.5,19.2,16.0,17.0,14.285714285714286,24.0,26.75,13.857142857142858,11.571428571428571,21.0,23.0,0.0,15.571428571428571,18.0,0.0,0.0,0.0,0.0,0.0,0.0,0.0,0.0,0.0,0.0,0.0,0.0,0.0,0.0,0.0,0.0,0.0,0.0,0.0
19.333333333333332,0.0,23.0,23.333333333333332,23.833333333333332,23.0,21.4,20.2,18.2,0.0,20.2,37.0,21.4,15.833333333333334,21.4,18.666666666666668,16.714285714285715,10.0,10.88888888888889,9.0,13.0,14.8,11.5,12.4,19.75,20.75,17.0,16.25,16.75,17.0,19.5,18.0,24.0,23.5,16.166666666666668,23.25,17.166666666666668,17.5,26.75,27.0,36.0,14.333333333333334,20.5,17.4,0.0,19.0,0.0,0.0,0.0,0.0,0.0,0.0,0.0,0.0,0.0,0.0,0.0,0.0,0.0,0.0,0.0,0.0,0.0,0.0,0.0,0.0
0.0,0.0,0.0,24.6,23.4,21.4,21.2,20.6,16.8,0.0,0.0,37.333333333333336,20.8,0.0,17.833333333333332,15.428571428571429,13.625,18.0,13.125,12.25,16.2,16.8,15.8,16.8,21.0,20.75,16.25,16.0,16.25,17.0,22.5,18.8,33.333333333333336,23.5,23.0,15.166666666666666,13.285714285714286,13.428571428571429,0.0,0.0,0.0,0.0,0.0,0.0,0.0,0.0,0.0,0.0,0.0,0.0,0.0,0.0,0.0,0.0,0.0,0.0,0.0,0.0,0.0,0.0,0.0,0.0,0.0,0.0,0.0,0.0
0.0,0.0,0.0,0.0,27.8,23.4,23.4,20.8,17.2,0.0,0.0,0.0,19.6,18.5,18.5,18.0,14.714285714285714,17.833333333333332,16.666666666666668,11.142857142857142,11.5,15.0,26.5,24.75,21.5,20.25,16.75,16.0,14.4,16.8,19.0,34.0,33.666666666666664,23.5,22.25,17.0,0.0,13.833333333333334,0.0,0.0,0.0,0.0,0.0,0.0,0.0,0.0,0.0,0.0,0.0,0.0,0.0,0.0,0.0,0.0,0.0,0.0,0.0,0.0,0.0,0.0,0.0,0.0,0.0,0.0,0.0,0.0
0.0,0.0,0.0,0.0,0.0,0.0,28.0,0.0,0.0,19.75,0.0,0.0,16.166666666666668,21.4,0.0,0.0,0.0,14.285714285714286,15.142857142857142,22.5,17.5,26.0,21.0,24.5,19.0,20.5,18.25,16.0,18.0,18.6,24.5,19.4,0.0,0.0,0.0,0.0,0.0,0.0,0.0,0.0,0.0,0.0,0.0,0.0,0.0,0.0,0.0,0.0,0.0,0.0,0.0,0.0,0.0,0.0,0.0,0.0,0.0,0.0,0.0,0.0,0.0,0.0,0.0,0.0,0.0,0.0
0.0,0.0,0.0,0.0,0.0,0.0,0.0,0.0,0.0,16.5,0.0,0.0,22.0,0.0,22.2,21.4,17.166666666666668,17.166666666666668,15.285714285714286,13.714285714285714,17.333333333333332,19.833333333333332,26.25,20.8,19.0,17.4,20.75,20.25,20.25,17.6,0.0,0.0,0.0,0.0,0.0,0.0,0.0,0.0,0.0,0.0,0.0,0.0,0.0,0.0,0.0,0.0,0.0,0.0,0.0,0.0,0.0,0.0,0.0,0.0,0.0,0.0,0.0,0.0,0.0,0.0,0.0,0.0,0.0,0.0,0.0,0.0
0.0,0.0,0.0,0.0,0.0,0.0,0.0,0.0,0.0,16.0,0.0,0.0,0.0,0.0,0.0,21.4,17.166666666666668,16.166666666666668,14.571428571428571,0.0,15.285714285714286,22.4,17.5,15.285714285714286,15.0,15.6,15.0,0.0,18.75,0.0,0.0,0.0,0.0,0.0,0.0,0.0,0.0,0.0,0.0,0.0,0.0,0.0,0.0,0.0,0.0,0.0,0.0,0.0,0.0,0.0,0.0,0.0,0.0,0.0,0.0,0.0,0.0,0.0,0.0,0.0,0.0,0.0,0.0,0.0,0.0,0.0
